100
27 29 14 30 8 0 17 14 17 20 2 29 3 21 26 15 2 30 6 30 23 25 19 28 2 4 14 31 28 3 4 9 1 11 15 18 4 11 18 0 24 25 17 0 16 27 20 12 26 10 0 1 13 30 21 9 11 9 7 1 17 30 17 27 32 4 3 8 8 30 0 3 14 15 12 0 16 23 24 3 31 31 15 11 16 29 31 22 8 22 30 16 31 6 24 26 0 10 18 18 
0 26 31 20 2 19 4 13 22 27 25 3 10 28 22 19 0 32 27 14 2 24 18 16 25 6 0 19 6 30 32 14 32 18 29 9 24 3 9 2 25 11 22 23 7 3 24 27 1 2 32 19 24 29 0 17 25 25 2 14 9 0 11 1 28 8 24 20 6 31 6 3 19 26 28 30 25 25 20 11 29 17 18 2 27 20 5 11 29 10 1 7 22 23 21 26 16 19 28 28 
29 4 6 30 8 12 4 22 22 31 6 25 1 7 2 17 19 13 23 1 9 25 11 23 11 4 21 17 31 24 30 3 29 20 13 6 29 24 22 17 8 28 8 32 1 21 15 14 30 27 10 28 7 17 31 15 1 15 4 6 13 12 4 4 30 17 31 30 28 3 4 29 19 20 17 4 22 24 1 32 14 14 17 16 2 20 6 23 3 30 25 4 6 24 32 21 13 30 28 11 
22 7 16 32 9 16 18 21 29 0 19 7 9 26 25 25 15 18 24 19 16 23 2 29 25 20 15 32 10 29 0 0 0 12 7 25 24 23 30 10 24 16 8 29 13 19 14 29 3 10 25 30 31 3 16 12 27 9 29 11 13 19 6 22 21 12 3 0 30 18 32 3 13 24 19 20 8 14 25 10 29 17 25 12 23 13 15 23 5 19 1 23 0 7 5 15 18 17 13 7 
16 11 2 9 11 28 17 24 2 2 31 25 30 9 24 12 27 30 6 10 25 28 2 26 6 31 17 24 29 23 25 24 24 12 14 14 1 16 16 13 22 6 2 8 10 7 32 3 28 1 29 30 23 1 19 5 18 2 27 6 30 11 8 21 20 2 6 14 7 25 7 16 19 18 3 3 17 15 8 19 5 3 21 17 9 16 18 3 15 26 16 24 3 11 10 27 24 26 12 12 
24 12 31 24 30 30 30 27 0 24 24 18 21 18 14 12 30 8 11 23 29 16 28 19 32 5 26 30 12 1 30 23 20 17 7 19 17 5 12 11 14 10 32 19 29 28 5 1 7 23 25 27 15 14 7 8 12 26 32 13 16 6 23 4 32 0 1 10 28 3 3 25 22 28 31 0 5 15 20 12 30 31 0 4 16 0 22 16 4 26 18 15 20 27 16 18 6 2 26 0 
1 20 24 17 22 24 2 30 13 30 18 15 31 16 23 1 31 20 10 12 12 7 19 4 1 14 30 10 22 18 11 13 27 20 26 11 20 25 2 7 5 24 18 23 10 14 27 26 13 22 3 8 9 20 18 6 21 18 18 30 5 26 28 6 22 1 24 5 25 8 6 19 22 17 5 25 8 12 27 12 4 21 30 25 8 4 12 5 31 26 30 5 11 21 31 23 23 28 27 8 
20 4 32 15 26 28 26 22 3 15 16 18 2 0 18 26 26 12 11 15 7 27 11 6 7 18 23 4 21 3 11 6 24 25 15 4 2 12 26 20 15 11 3 29 25 10 22 17 20 19 5 5 8 8 5 11 29 14 17 13 28 26 14 26 30 5 2 18 23 25 13 3 31 8 8 24 16 3 29 15 19 14 31 6 21 24 17 11 19 24 7 9 15 32 3 5 3 24 20 18 
18 24 24 32 14 30 0 6 3 30 23 9 21 6 7 8 17 1 19 1 25 16 2 7 5 26 10 22 10 17 9 23 4 0 30 9 28 19 26 6 4 14 17 3 1 20 29 26 24 29 9 24 32 8 24 19 9 11 31 0 27 3 24 13 18 11 28 14 15 3 17 11 27 9 20 5 0 0 10 3 25 2 19 31 31 1 8 13 30 27 26 5 1 16 0 25 22 17 14 1 
16 24 13 6 0 3 8 3 1 7 7 5 25 13 10 13 19 15 2 17 24 12 15 9 16 10 17 23 31 12 14 2 13 13 3 31 6 20 18 25 25 20 25 28 18 23 6 6 29 21 3 20 1 8 18 31 29 22 5 31 18 25 16 22 28 15 23 22 19 20 17 11 32 3 15 23 19 28 27 23 4 8 20 2 29 23 19 31 3 10 4 31 7 20 8 13 20 28 24 4 
32 26 4 7 20 3 10 5 31 25 25 17 18 15 9 3 29 0 30 12 4 11 4 1 14 25 6 0 19 1 0 29 28 0 6 5 25 18 22 10 15 12 15 19 25 0 6 22 12 17 28 17 5 18 7 7 8 8 22 17 28 31 28 13 12 2 16 5 22 0 9 5 16 21 9 2 13 4 28 18 10 17 19 3 17 5 28 11 15 32 2 9 23 5 32 24 10 27 21 15 
25 14 11 13 6 18 15 16 8 20 5 9 10 15 8 32 22 32 30 0 16 0 17 31 17 23 15 29 4 7 8 21 20 13 14 17 7 5 5 18 11 26 13 6 22 23 27 13 10 10 23 20 12 12 6 12 28 4 28 17 31 4 24 19 30 0 18 27 1 16 15 11 25 15 11 13 10 24 9 26 6 1 30 10 27 5 2 25 14 20 1 6 16 18 17 12 19 29 2 13 
23 22 11 4 28 2 2 25 27 32 13 0 10 17 21 4 9 15 4 19 2 24 12 3 7 14 28 14 19 5 26 1 29 26 23 18 1 15 3 31 15 32 31 1 24 22 12 23 23 13 5 17 28 22 18 12 6 28 31 14 5 16 31 13 31 1 10 16 30 3 12 14 4 8 18 6 24 32 0 21 28 5 30 22 31 6 23 26 4 27 29 11 22 5 4 30 31 19 28 3 
8 31 9 13 13 12 24 3 25 12 30 7 2 31 3 10 23 15 14 1 15 14 22 14 18 28 11 24 18 20 31 27 32 16 16 30 15 30 0 22 13 12 25 16 11 0 6 0 19 8 21 15 6 26 6 6 18 28 2 28 3 14 3 13 4 27 6 24 7 18 23 1 11 1 24 11 11 19 22 20 8 30 23 8 1 1 9 16 13 32 2 1 18 9 23 26 31 15 32 15 
6 30 2 22 18 29 10 13 11 31 31 10 17 7 11 13 11 13 21 12 3 19 21 25 19 15 4 12 28 16 24 14 17 24 9 11 0 3 15 3 13 15 8 18 12 19 26 21 5 0 31 7 26 16 13 14 15 11 18 20 11 18 30 25 4 22 15 0 31 9 18 21 2 16 25 32 29 27 19 16 3 5 21 23 25 4 14 2 6 8 4 14 4 26 8 13 15 18 17 0 
24 18 9 1 23 12 19 21 12 14 22 9 18 4 8 25 14 14 4 19 12 21 30 30 2 31 30 0 23 3 14 28 28 22 28 1 6 19 24 25 7 11 17 2 15 6 2 20 13 28 13 20 9 31 26 17 6 6 18 4 20 5 30 16 1 27 27 5 5 17 2 31 2 1 28 24 15 21 12 24 14 12 17 21 27 20 23 30 20 9 4 31 24 19 23 0 2 26 6 26 
28 23 13 0 20 17 30 31 28 30 9 30 14 18 4 28 20 4 11 3 23 16 0 19 4 8 15 27 32 28 9 1 7 21 14 2 26 12 9 4 20 13 29 8 14 13 12 8 28 1 13 10 31 21 1 26 19 2 20 22 28 28 30 24 25 28 27 16 21 21 0 15 11 16 5 1 23 18 21 21 15 30 14 3 30 3 15 7 18 0 21 16 1 4 10 21 25 31 2 0 
13 31 14 0 9 22 31 30 19 3 30 19 0 10 30 8 15 24 27 8 4 32 28 19 31 17 0 5 3 17 19 17 13 14 15 16 12 13 2 26 21 22 16 13 22 29 8 29 17 30 7 0 2 1 15 16 7 17 1 17 9 6 24 11 6 25 9 16 5 7 6 29 17 16 1 8 11 8 23 13 5 21 2 16 24 6 22 1 21 1 26 25 16 21 24 30 15 5 17 10 
30 22 29 20 4 8 21 1 17 5 15 15 22 11 6 14 7 18 15 11 3 18 4 23 20 18 24 4 1 11 9 4 16 12 23 24 13 6 30 15 14 8 22 0 16 1 28 10 7 5 27 24 23 2 7 29 5 23 27 32 30 19 31 27 16 29 1 10 18 3 23 31 27 10 11 8 5 7 22 13 5 6 20 32 21 4 24 23 9 27 31 30 8 23 13 2 1 30 6 20 
28 9 13 26 9 4 10 23 13 0 25 27 0 26 20 31 12 26 23 9 25 23 32 17 10 0 30 11 2 3 11 8 27 18 22 1 28 16 16 5 4 32 18 14 16 5 14 30 13 23 18 18 3 7 21 25 20 11 4 28 1 4 22 4 1 9 24 16 14 8 18 22 12 8 30 27 30 16 23 13 15 31 4 8 15 5 22 27 25 4 5 22 4 25 7 11 10 13 3 23 
15 9 4 20 10 15 5 15 10 2 30 6 12 7 23 26 19 14 21 8 17 9 14 19 5 26 28 12 19 11 24 3 0 15 26 19 10 27 29 16 11 6 14 11 6 23 30 17 30 31 1 24 27 8 29 6 21 0 16 31 30 0 0 27 28 25 32 18 29 2 10 31 9 4 18 8 2 5 28 14 20 23 9 13 26 0 26 28 24 7 28 1 20 31 22 27 15 4 0 22 
23 14 27 18 3 9 16 17 12 25 0 13 12 21 21 17 20 3 27 24 5 10 19 30 2 5 30 27 30 19 5 14 19 22 12 28 15 0 11 3 17 13 6 0 20 25 11 25 24 18 5 24 14 6 9 5 26 7 10 11 30 4 20 19 16 5 8 6 19 22 5 5 7 11 24 21 14 5 16 1 22 31 7 20 20 25 12 20 19 7 28 20 29 26 14 5 19 23 6 22 
15 27 27 7 8 15 11 17 17 28 4 15 5 13 0 28 16 0 8 13 9 24 32 24 29 24 19 16 5 22 10 5 21 28 6 1 18 4 2 18 9 0 6 17 3 18 25 23 16 29 6 31 30 31 13 19 20 2 31 6 20 0 4 11 14 9 31 21 9 9 15 16 24 24 17 32 15 19 9 8 23 14 13 29 23 18 13 23 14 29 11 3 20 3 19 21 21 21 26 12 
21 10 13 29 20 5 26 28 15 6 23 10 26 23 31 8 31 24 18 19 12 14 13 13 29 31 0 10 30 18 9 27 3 8 7 0 7 18 25 14 14 20 17 17 8 26 29 8 6 8 29 13 3 30 26 19 11 2 5 11 15 17 26 30 7 19 20 30 19 3 29 9 27 20 23 9 1 26 1 13 2 11 28 3 31 18 0 10 2 15 5 18 4 9 25 26 24 12 25 17 
12 3 23 10 12 16 21 25 28 28 9 18 13 29 8 15 30 21 14 19 10 24 20 17 14 13 13 30 18 5 5 14 29 26 17 21 27 2 2 31 4 6 10 25 5 5 11 32 22 16 13 25 14 30 16 18 19 20 30 1 23 2 25 3 4 19 21 23 5 24 4 19 27 31 25 15 15 1 24 0 16 15 5 12 31 23 3 27 14 22 12 4 14 24 30 23 22 24 8 8 
16 11 14 6 20 13 5 7 20 31 17 21 10 29 27 8 19 6 9 8 15 9 24 17 2 9 13 8 29 23 14 6 4 11 32 2 28 26 31 2 1 26 5 24 26 6 14 17 7 3 6 17 26 8 31 25 3 15 10 17 21 29 5 28 14 22 3 9 16 15 15 5 10 1 15 31 6 26 30 22 27 22 13 4 10 13 25 25 9 16 9 1 19 25 11 26 2 27 20 25 
5 24 31 0 8 23 24 25 14 6 6 10 19 20 31 10 14 19 29 20 12 4 8 4 31 25 25 28 24 27 23 3 6 32 18 13 23 9 22 12 3 28 30 15 26 7 7 4 10 21 31 24 12 20 19 30 22 14 6 4 11 6 1 25 17 18 12 13 24 28 11 25 14 11 28 12 0 10 1 13 22 18 15 29 15 27 4 10 9 9 6 32 30 1 18 32 24 31 12 11 
20 0 6 25 11 6 17 18 25 8 18 24 0 6 27 32 29 3 0 31 1 30 10 5 24 32 23 23 5 18 13 27 22 27 6 29 11 32 12 29 29 29 15 16 12 19 13 10 5 11 27 11 26 32 32 19 4 3 10 25 20 29 8 27 15 0 19 17 22 11 28 13 12 21 25 29 18 23 13 14 27 30 21 22 4 1 16 16 21 5 19 21 25 16 20 16 22 22 3 25 
7 31 7 18 8 15 29 27 30 20 31 6 24 27 27 0 6 25 5 14 30 9 6 25 27 29 2 9 5 19 27 18 15 15 21 30 27 26 22 2 18 11 5 21 24 16 6 4 28 30 3 7 27 8 6 6 21 22 5 30 29 32 10 19 20 20 9 17 17 21 12 3 5 1 29 6 31 32 32 19 20 7 12 28 12 10 31 27 26 15 7 16 2 20 16 9 15 5 3 18 
29 18 21 7 3 25 3 18 19 25 26 26 21 12 30 27 22 9 14 12 16 30 21 10 32 26 22 31 18 27 1 17 22 19 18 16 14 25 15 21 2 0 23 28 24 7 20 22 2 15 26 10 19 22 19 30 3 12 19 19 32 16 29 7 24 11 18 26 27 5 23 22 30 7 4 23 13 19 8 13 0 24 26 28 18 15 7 7 2 24 14 0 19 31 13 23 4 30 16 25 
21 7 13 7 28 19 30 2 25 10 15 6 3 16 15 1 20 1 18 12 21 24 22 28 27 3 6 11 1 0 22 27 28 6 1 1 25 25 11 13 19 9 29 17 4 21 9 22 19 5 16 26 26 27 11 15 26 27 26 24 28 25 26 4 4 11 32 6 20 31 1 0 11 14 0 6 1 21 5 11 30 20 31 7 19 32 25 0 9 2 23 28 1 31 30 23 25 32 18 2 
20 29 3 30 3 23 7 7 29 16 11 14 26 8 20 21 10 22 24 14 23 26 7 27 10 26 18 9 24 16 30 10 2 26 31 32 21 2 26 32 31 23 19 2 32 30 6 12 11 30 14 15 6 1 20 6 14 3 19 13 22 8 8 27 16 16 17 25 13 19 0 2 19 11 31 7 30 17 7 30 8 10 13 18 13 24 2 22 14 4 11 13 28 21 17 27 17 9 2 23 
12 8 30 12 13 31 32 18 24 0 5 5 25 30 21 2 25 1 21 10 14 25 18 13 7 4 22 25 31 1 10 32 11 4 18 3 3 21 18 20 7 10 13 7 24 12 19 0 12 0 10 13 24 12 10 9 11 6 16 14 23 4 10 17 22 12 29 22 17 3 2 21 24 14 6 15 8 25 32 8 29 24 30 20 24 29 5 22 15 10 25 29 31 16 20 2 13 3 23 29 
24 14 6 23 13 13 25 20 15 28 2 14 23 14 11 25 3 23 0 2 17 2 4 15 30 18 3 5 8 15 26 23 29 13 2 22 31 7 7 21 24 27 15 31 26 8 6 1 18 27 8 22 2 31 3 23 1 9 2 2 17 23 26 15 10 8 8 4 24 1 17 26 18 13 5 32 30 12 4 28 1 24 18 16 10 21 4 18 29 6 9 29 7 0 7 25 17 22 22 15 
27 30 19 20 19 28 20 16 11 3 20 0 19 15 5 11 4 23 20 6 7 12 28 16 2 22 19 14 6 1 24 29 30 1 7 28 21 1 20 9 3 23 4 15 15 19 18 26 1 28 25 1 30 10 11 17 10 31 7 21 2 4 5 12 13 19 5 22 22 8 15 27 26 15 30 16 1 6 24 5 8 25 27 28 1 6 21 13 32 7 13 27 5 11 4 20 7 23 0 14 
28 11 25 16 25 25 8 22 28 30 2 21 18 4 27 21 26 19 4 10 22 26 11 22 18 18 7 7 4 23 11 25 14 25 19 12 32 30 7 28 20 29 10 3 17 25 25 22 16 22 18 9 23 3 3 6 18 6 12 14 12 27 18 19 28 14 11 10 0 13 30 7 5 28 23 9 9 13 17 19 24 6 3 1 0 17 22 21 19 6 1 11 32 13 0 6 24 25 31 32 
5 19 9 3 17 32 26 20 19 29 29 5 4 10 9 5 5 17 31 20 8 2 32 28 19 23 30 0 26 26 22 27 10 31 4 8 28 1 18 13 0 1 20 20 17 27 4 32 15 20 24 29 9 26 13 20 16 4 16 28 31 2 5 2 4 1 8 20 15 9 15 22 19 26 8 10 29 0 32 19 25 8 25 20 18 32 29 1 20 3 25 25 10 19 16 23 26 10 9 16 
28 19 8 7 3 0 11 32 14 23 20 29 23 0 21 5 4 21 16 11 20 0 24 4 1 32 6 17 7 13 27 12 21 8 6 23 1 21 10 19 12 8 9 19 15 15 30 8 9 15 19 17 23 10 8 16 17 11 4 4 31 27 11 3 21 4 28 16 16 22 16 13 7 17 16 2 30 7 31 27 9 16 1 12 28 16 2 28 10 10 20 26 7 8 6 24 25 23 10 23 
5 4 3 0 19 31 11 21 20 30 5 3 24 16 1 14 19 4 30 11 2 4 11 23 28 11 23 24 5 28 31 12 15 0 9 6 6 16 6 10 25 7 23 21 10 20 8 1 6 23 13 14 23 14 14 24 13 24 2 23 2 2 22 5 16 12 3 2 32 19 28 27 7 28 26 7 27 19 23 10 16 28 32 29 5 17 14 19 2 6 11 20 28 11 22 19 30 12 16 1 
2 9 18 27 15 16 16 31 9 24 28 6 3 5 3 23 19 4 7 25 20 14 19 22 6 6 21 32 5 3 11 25 21 3 31 21 21 31 23 5 27 26 19 9 5 9 1 8 11 19 4 15 19 7 23 13 24 24 20 12 7 23 12 6 4 3 1 15 20 0 11 18 25 4 3 4 18 29 0 2 29 24 31 25 4 14 16 19 12 17 1 21 25 13 9 18 2 29 10 5 
28 16 6 32 19 19 3 30 27 22 6 2 27 30 26 15 1 28 23 9 6 22 27 14 6 14 21 13 5 21 18 14 15 8 28 24 28 18 22 24 3 14 18 13 32 2 7 5 24 12 31 28 11 29 7 5 15 1 31 16 9 32 2 27 8 6 0 8 14 32 9 11 7 28 2 15 8 19 5 8 13 28 26 31 6 10 30 32 8 15 19 30 14 3 16 18 21 6 3 10 
5 9 26 11 21 27 19 0 24 14 0 28 24 10 22 15 9 22 1 30 27 2 27 1 25 25 29 23 25 8 17 32 5 15 18 3 19 4 27 1 24 5 17 30 8 21 30 18 7 9 1 23 7 7 30 16 22 6 24 3 11 11 19 19 23 2 6 25 24 20 15 27 19 23 29 7 31 29 26 25 29 27 27 30 32 8 31 6 19 7 30 11 27 14 17 25 5 3 29 9 
21 7 2 30 30 22 22 6 21 2 16 27 7 22 23 28 15 19 30 11 6 3 24 27 8 20 14 13 3 5 3 11 11 28 3 6 13 5 28 5 22 7 2 25 12 21 14 20 18 23 26 14 7 24 28 24 11 31 11 21 7 12 25 15 21 16 31 24 31 24 28 6 4 14 16 29 20 5 3 4 27 1 12 7 23 17 13 0 16 17 6 0 13 11 7 30 31 3 28 32 
19 20 16 3 22 28 21 28 14 3 7 0 20 3 12 25 24 11 27 14 24 17 26 7 22 8 6 26 11 23 2 20 16 14 30 18 24 21 10 15 13 29 24 24 24 14 15 13 18 22 3 15 25 2 29 8 8 27 26 28 17 11 21 19 0 14 26 31 9 31 7 31 10 16 0 16 26 20 6 23 19 14 17 14 31 12 5 15 13 10 19 26 31 4 18 4 22 10 3 15 
0 0 31 24 1 15 24 12 32 7 0 19 15 7 26 13 9 23 5 14 21 14 17 32 19 5 25 27 3 13 10 2 9 3 0 18 22 25 4 3 7 29 8 7 28 32 1 8 13 9 10 0 21 17 31 19 6 19 2 14 4 15 6 17 1 14 26 12 14 1 24 9 32 10 6 1 22 12 27 21 21 13 0 11 7 13 21 20 3 19 5 3 23 28 2 12 31 12 21 17 
24 9 16 8 15 4 1 26 0 14 3 31 0 13 17 29 10 14 24 25 11 12 22 5 0 14 16 30 11 7 26 18 3 7 25 5 17 3 27 17 0 26 5 14 3 22 1 10 1 15 28 19 18 5 6 9 8 20 19 8 5 13 12 10 6 31 12 30 22 32 18 15 2 23 27 2 6 17 20 21 22 32 31 13 3 8 2 13 31 10 25 9 32 9 13 31 30 5 15 7 
2 17 4 8 23 25 6 19 9 15 9 4 22 30 13 9 31 30 23 24 21 0 30 21 4 9 28 28 9 4 22 19 15 19 11 23 19 8 28 19 29 28 30 11 20 24 0 2 24 17 11 25 3 22 10 25 16 29 18 25 14 17 31 6 12 0 28 31 17 30 27 12 11 8 11 3 8 16 32 15 24 13 3 10 7 28 19 30 22 20 9 20 22 22 23 5 30 21 11 15 
18 2 13 1 17 4 7 17 14 23 30 29 31 32 3 13 3 19 29 1 30 32 23 22 17 13 24 9 29 14 9 30 25 15 15 17 0 1 7 1 9 15 27 18 31 21 9 13 30 15 21 32 4 17 12 15 19 1 10 5 22 10 3 10 16 17 3 15 0 18 28 9 32 12 4 14 0 30 17 30 3 20 25 8 27 27 25 28 22 15 0 6 13 8 4 29 5 4 0 11 
14 9 18 8 29 19 21 11 1 7 19 29 4 22 20 7 9 19 9 29 24 2 28 17 27 8 20 6 14 21 3 12 25 28 21 5 18 25 20 26 20 4 6 14 23 27 26 1 9 12 6 32 28 26 10 4 11 12 22 2 0 2 28 20 8 32 12 18 21 4 22 5 0 4 29 3 23 26 16 18 13 30 22 26 10 5 6 24 0 21 12 20 28 27 2 27 24 10 28 6 
0 13 29 18 2 29 8 19 4 27 7 17 26 29 29 8 17 3 24 27 17 6 21 8 1 32 31 20 23 19 7 7 20 27 21 28 11 31 20 30 3 22 29 13 10 3 27 20 1 6 20 23 9 4 12 19 27 1 5 10 10 20 12 31 21 8 28 26 1 0 10 15 31 21 26 13 14 10 12 11 19 15 30 16 10 21 10 20 18 3 23 3 13 4 6 3 13 32 25 26 
0 23 19 24 5 20 25 20 10 9 11 9 3 17 1 32 10 29 4 19 27 24 1 28 15 32 15 16 11 29 1 4 25 25 18 22 11 29 28 27 24 30 16 14 18 17 30 27 19 4 13 32 10 2 0 11 19 0 28 15 2 10 25 26 17 30 7 13 10 14 22 21 6 1 15 7 6 3 25 14 5 20 21 19 29 27 27 0 18 5 31 13 12 8 13 20 1 31 18 12 
31 20 5 14 25 19 25 7 11 14 11 1 23 19 6 17 19 5 8 4 28 9 8 4 7 3 27 5 28 21 12 10 13 14 22 11 8 15 28 12 18 8 22 20 16 13 13 4 18 26 8 25 19 12 5 22 20 29 12 27 2 28 14 6 29 13 0 11 1 22 3 28 14 26 9 28 17 13 14 1 4 0 11 24 14 12 32 13 29 3 23 25 16 14 13 9 28 16 9 4 
9 6 23 5 28 29 2 13 13 32 14 6 26 18 13 22 29 11 29 30 13 26 31 30 18 10 28 6 27 10 4 8 21 1 29 1 25 26 11 17 13 17 12 24 6 27 24 31 0 9 2 3 23 19 20 32 13 11 7 24 18 29 17 30 19 10 23 17 11 12 27 10 15 16 7 7 5 20 0 25 15 10 15 5 17 17 20 14 26 17 30 1 30 30 28 9 4 1 5 31 
27 1 20 22 6 11 25 13 19 10 10 2 23 16 2 17 23 9 9 18 4 28 7 17 30 16 31 4 0 13 2 29 22 21 8 10 27 20 25 9 21 28 5 18 23 32 23 32 11 1 11 15 15 12 9 27 25 9 32 3 17 17 9 9 17 21 23 19 9 26 28 7 18 22 15 25 7 31 3 16 17 15 30 30 19 2 7 32 26 18 19 19 25 19 15 7 3 0 8 27 
3 16 19 27 25 25 17 2 18 20 30 13 21 28 19 19 28 3 1 7 17 0 24 27 12 27 7 5 11 9 22 31 16 9 13 32 28 20 3 14 23 6 22 9 6 30 8 27 10 17 20 1 20 31 31 25 23 16 3 29 9 14 4 27 12 26 22 28 19 8 10 26 13 31 29 1 26 32 10 29 22 16 27 9 28 5 32 5 25 27 14 11 7 1 5 0 8 24 21 30 
26 10 21 26 29 5 30 24 10 28 16 23 9 7 10 0 8 32 2 17 4 6 20 28 15 7 24 26 9 24 17 29 18 26 4 27 6 5 0 28 21 31 0 0 5 28 25 21 29 9 30 7 6 29 27 32 20 19 8 13 11 18 12 25 3 14 1 3 29 10 11 4 31 3 12 10 32 23 22 26 2 16 17 10 27 9 8 19 11 10 14 23 30 30 5 29 25 12 4 21 
11 0 0 17 16 24 20 31 1 0 16 14 9 16 12 22 24 27 28 25 16 2 16 13 6 21 26 26 2 8 20 6 14 22 0 9 23 28 4 1 12 1 19 25 1 25 10 31 3 29 21 31 3 3 2 0 30 17 2 11 22 12 1 9 25 24 8 0 6 29 21 12 19 6 5 9 4 10 20 21 30 0 15 27 10 3 2 24 20 14 21 23 14 14 11 9 21 23 17 16 
21 29 14 22 31 25 12 25 16 21 32 30 25 20 2 13 14 13 31 21 12 8 7 9 10 24 30 9 30 1 17 29 1 13 1 11 16 7 11 10 4 27 14 26 27 9 3 30 0 27 16 18 32 28 8 25 15 4 19 6 7 11 29 19 11 16 17 20 24 30 32 6 10 15 17 2 2 18 4 29 19 22 31 3 29 7 5 6 7 31 17 21 23 6 5 9 28 25 9 14 
0 12 6 3 13 21 4 9 0 1 22 6 1 28 30 20 6 10 10 24 32 3 10 5 10 4 24 28 30 13 5 21 6 1 24 29 31 1 17 26 28 11 2 28 8 25 14 10 19 5 29 0 12 32 31 30 18 28 32 21 1 1 11 25 29 15 11 26 20 27 15 25 15 3 21 10 12 12 29 4 18 24 2 27 6 17 28 31 21 1 3 4 29 28 17 4 10 6 18 8 
8 22 0 1 13 0 18 6 21 3 6 25 3 5 29 10 11 7 28 3 13 10 9 3 11 21 22 29 11 25 30 1 28 29 23 12 26 26 30 15 15 31 18 25 31 16 10 27 30 2 6 30 11 16 18 22 12 22 11 30 18 28 26 4 20 7 16 6 17 7 25 12 14 16 21 14 16 30 6 1 4 21 15 24 21 9 29 6 5 22 9 29 4 2 18 29 26 32 22 25 
1 1 0 12 9 25 16 26 25 18 9 30 12 32 22 24 3 17 5 10 31 2 27 10 30 4 11 30 30 0 0 4 16 2 14 9 28 12 18 25 13 20 8 23 7 22 11 28 6 32 3 32 9 20 20 13 15 22 11 1 20 20 21 3 23 4 25 5 8 14 25 30 27 10 23 30 11 30 8 25 3 19 15 12 23 26 24 6 30 17 18 14 20 26 3 8 4 4 23 12 
20 20 11 23 31 30 4 10 21 10 23 32 17 5 25 0 1 16 21 15 3 13 30 18 29 30 12 0 29 32 23 18 10 4 0 11 16 23 29 0 4 3 10 24 32 21 17 20 6 5 8 28 16 3 10 3 18 31 26 16 24 18 9 19 29 21 26 25 24 32 9 11 31 31 6 4 17 0 5 10 9 25 27 23 9 15 15 2 26 13 5 21 4 28 24 23 32 14 9 25 
22 3 17 32 14 6 25 31 31 7 31 13 17 28 3 5 6 12 0 25 3 10 21 7 4 30 11 12 13 9 10 28 29 15 23 26 4 19 32 27 20 9 4 16 10 15 5 5 23 23 18 23 0 6 26 23 15 23 9 10 5 16 7 13 22 15 29 1 19 14 1 4 21 8 25 17 8 6 17 14 31 14 17 25 6 5 21 11 18 10 20 20 12 30 23 15 32 17 31 5 
22 20 23 3 25 7 31 20 0 4 3 16 21 14 10 3 19 27 18 9 14 27 10 18 11 32 29 32 12 5 24 30 11 16 0 20 10 8 19 8 15 30 7 18 8 25 7 1 7 12 12 9 27 12 8 25 16 16 11 18 4 28 31 13 22 0 17 15 11 16 15 6 21 25 21 23 27 13 13 10 8 13 7 1 3 2 7 4 14 32 30 22 5 5 10 30 30 19 4 5 
18 5 13 14 24 10 14 26 4 14 31 29 2 6 26 30 9 5 31 25 31 12 1 19 0 20 9 2 19 7 3 32 9 13 0 9 3 27 7 15 16 30 30 1 4 15 3 4 1 27 0 5 31 5 12 9 28 28 12 25 5 13 8 0 18 16 27 11 6 3 28 2 0 32 5 8 3 17 17 21 22 10 29 1 15 13 4 17 21 15 29 4 14 6 20 4 1 21 11 15 
21 13 26 26 12 25 16 11 27 4 30 7 8 30 2 13 26 21 28 30 28 5 5 22 9 4 26 32 1 6 30 26 11 18 24 21 30 14 21 14 8 20 18 12 11 30 26 17 8 32 17 27 23 19 10 3 25 11 23 31 17 15 27 26 6 30 29 10 23 7 8 28 17 30 1 14 10 23 11 32 14 2 15 12 0 15 15 13 2 15 23 10 4 25 7 5 10 14 26 12 
11 12 28 11 29 12 14 16 2 20 27 21 1 1 16 15 8 20 18 30 18 22 17 0 4 18 8 27 32 15 14 4 7 4 28 24 27 30 5 15 8 1 10 20 28 18 26 26 21 24 15 7 25 21 12 26 16 6 27 4 21 32 7 20 8 26 20 10 30 1 5 31 4 14 23 11 31 29 31 29 31 23 2 4 12 19 24 9 26 5 30 20 30 16 30 25 4 23 12 18 
30 23 21 13 21 9 28 15 16 25 31 31 22 12 0 27 6 10 22 24 11 30 10 3 16 0 25 7 5 8 10 8 24 15 9 2 11 2 18 1 25 15 6 2 30 19 29 23 6 2 17 10 32 1 22 23 9 1 10 13 7 27 16 14 14 12 7 31 17 9 15 7 9 27 17 1 14 9 8 16 18 22 2 28 11 32 22 28 12 23 20 16 0 26 28 16 7 0 28 26 
1 17 4 21 21 5 3 15 23 12 17 5 18 17 16 3 19 12 27 6 30 20 3 18 23 23 9 0 15 15 5 7 14 13 2 2 23 11 19 25 26 29 1 31 21 16 14 15 21 26 18 22 12 29 17 9 10 32 19 30 25 14 13 18 31 16 19 21 11 26 0 2 15 25 32 15 15 31 28 7 0 30 6 19 6 7 6 10 11 6 14 13 24 2 10 29 14 16 2 22 
23 16 25 10 3 2 17 16 25 28 6 11 30 12 31 13 2 26 23 31 1 27 13 30 8 3 31 6 14 1 21 30 1 27 24 9 26 29 24 4 15 24 8 21 7 29 1 31 28 12 4 10 11 17 0 7 10 24 29 4 2 29 14 8 24 29 4 15 7 10 18 26 21 18 8 24 13 6 16 10 19 6 29 9 23 28 22 11 3 26 2 4 8 25 15 30 13 4 21 4 
26 14 26 4 17 28 26 31 20 1 8 28 11 2 28 19 14 17 22 20 29 19 24 17 13 15 20 14 25 21 10 11 17 15 10 4 18 24 32 15 22 7 6 8 14 11 9 22 9 5 8 19 6 29 23 9 23 25 24 19 22 2 19 1 4 19 23 32 7 26 7 4 3 18 3 12 12 27 27 25 28 16 18 5 20 4 3 9 31 18 17 15 7 14 12 24 29 0 18 8 
8 4 11 24 0 30 21 15 25 32 19 30 9 8 18 15 30 6 15 1 20 22 21 12 19 16 30 31 27 32 13 22 17 14 21 24 4 7 14 1 12 22 1 30 12 6 8 32 3 16 25 0 26 1 21 31 3 13 30 28 21 26 19 12 1 30 24 12 32 10 30 27 3 12 1 12 20 5 14 13 6 32 12 10 9 18 30 5 9 28 15 13 19 25 14 23 31 9 23 24 
21 7 17 29 3 3 30 21 6 30 30 23 15 6 1 29 15 8 28 4 26 4 2 11 21 9 4 9 21 25 1 21 27 28 18 19 18 10 12 29 28 14 9 7 11 4 30 15 15 2 23 12 16 0 19 9 15 21 25 1 18 7 19 24 0 9 6 17 30 3 17 0 2 16 5 15 13 12 22 18 1 1 21 22 11 25 12 16 9 11 13 6 12 30 22 11 7 17 20 20 
23 1 27 25 30 3 32 10 11 31 7 14 17 8 23 0 15 10 4 3 2 26 31 6 27 24 31 22 6 21 26 0 21 7 7 20 7 6 4 29 1 17 31 5 0 25 30 24 5 0 31 32 13 15 7 28 31 2 18 23 10 26 22 5 20 9 2 28 11 24 29 18 17 8 23 20 6 24 4 15 27 23 13 26 18 28 31 6 26 26 32 5 20 2 3 27 21 14 2 18 
13 26 14 2 0 26 22 12 15 10 5 1 5 29 13 0 12 16 25 16 22 12 3 18 26 21 26 1 29 11 11 18 3 12 29 10 27 12 16 29 27 21 21 21 28 17 10 27 15 32 8 15 0 26 9 5 6 24 14 3 23 9 15 14 27 19 7 20 15 23 4 11 31 32 8 24 28 4 27 10 2 29 28 30 10 19 6 3 26 19 18 19 19 32 12 20 22 18 11 15 
20 3 2 22 6 18 14 0 7 23 5 6 32 28 30 1 13 24 0 8 11 13 21 12 6 24 14 9 9 12 2 22 1 11 3 22 17 22 22 17 6 27 27 3 26 18 23 10 4 28 8 6 2 18 0 19 9 14 12 13 1 9 5 11 25 26 15 28 19 19 7 16 4 19 26 11 22 21 13 14 18 1 28 12 32 10 0 22 29 12 13 24 31 15 6 28 29 9 28 18 
23 23 11 18 19 20 15 2 16 29 2 13 29 29 6 1 23 1 24 11 3 15 3 26 22 4 22 28 23 8 8 28 26 11 5 17 9 2 19 6 22 1 23 19 16 20 0 5 18 4 10 19 5 4 13 28 19 20 4 9 21 20 5 21 18 31 23 18 1 20 11 14 15 27 7 16 28 30 14 15 15 0 25 22 18 11 23 2 20 5 27 11 10 27 14 19 6 30 31 1 
28 17 12 8 19 4 12 1 23 32 2 18 0 4 31 5 27 18 28 9 13 4 1 18 15 29 11 3 20 24 24 22 32 16 19 30 19 26 29 10 26 19 28 23 14 32 22 29 25 26 32 4 9 28 30 23 32 10 18 13 16 30 26 15 21 28 15 16 17 22 11 25 6 1 6 3 23 1 22 31 7 21 24 1 6 26 18 27 31 5 5 17 32 31 26 20 12 13 26 24 
7 22 10 3 0 4 28 19 11 29 18 26 10 5 3 8 23 10 29 9 19 1 21 7 0 14 12 23 25 14 25 11 3 25 6 9 17 8 2 28 19 3 27 1 6 30 17 24 5 29 26 22 9 1 30 3 5 31 30 17 22 30 0 20 8 30 9 19 7 8 13 11 11 8 31 22 8 3 26 9 12 1 3 31 18 27 8 15 19 3 28 7 32 6 19 25 13 4 28 17 
22 18 28 10 4 0 7 31 1 12 6 15 0 8 14 9 3 19 12 15 6 18 15 4 27 6 29 24 32 13 1 0 23 4 27 25 4 0 30 12 6 31 10 20 9 3 13 3 25 0 12 0 15 32 31 31 15 14 25 9 2 28 28 2 6 13 6 16 6 0 5 24 19 18 7 27 1 4 17 6 18 12 26 25 21 4 14 19 10 29 15 27 11 19 10 4 7 14 3 4 
27 22 1 5 6 14 11 0 28 0 6 19 19 13 18 8 16 23 28 10 30 3 22 25 6 23 7 28 2 25 8 31 7 26 15 32 6 13 18 29 30 11 23 18 8 14 0 22 18 18 7 19 1 4 13 4 21 12 12 6 2 14 20 6 5 6 12 28 28 27 3 28 4 26 11 24 31 10 28 4 31 13 9 7 18 18 4 24 13 25 14 12 27 1 22 23 5 22 15 23 
22 16 22 8 31 5 5 0 11 13 9 11 16 4 25 10 17 17 24 9 26 5 31 31 0 24 8 8 10 2 15 25 8 28 10 0 19 2 7 16 7 19 26 32 21 20 11 5 3 23 16 5 26 25 15 21 16 7 21 8 13 10 31 16 12 27 18 32 27 12 15 21 17 10 12 13 16 25 18 14 22 8 3 19 3 28 11 20 10 20 15 2 29 9 13 23 31 27 8 24 
6 26 24 6 10 17 12 25 27 16 26 0 24 29 20 16 0 26 29 5 19 23 26 22 29 31 7 14 3 28 22 22 27 8 25 3 28 25 19 0 3 25 15 4 31 29 19 22 15 30 9 31 23 24 3 30 4 10 24 32 2 15 18 31 15 19 7 22 19 32 6 28 12 20 26 7 5 1 28 22 4 20 21 30 4 17 10 14 1 11 4 0 7 22 32 15 20 21 22 16 
2 26 24 27 12 1 32 2 11 21 25 27 8 8 32 7 16 10 21 19 22 3 18 13 4 2 16 30 12 13 20 12 32 8 7 5 17 3 2 23 20 17 1 6 25 10 8 12 20 1 26 19 25 22 32 10 16 24 32 28 16 27 11 14 7 0 1 32 28 29 1 16 8 3 25 23 9 8 8 4 14 1 30 11 23 5 12 8 7 11 25 18 13 28 7 3 27 5 0 3 
3 18 25 31 25 7 16 0 1 19 23 18 2 7 16 21 17 22 19 30 11 2 20 0 6 18 13 1 0 14 11 4 19 7 1 0 22 13 5 18 30 27 9 31 26 2 13 32 30 15 10 11 32 19 20 4 18 31 31 8 2 1 20 17 13 2 19 27 27 17 3 18 18 19 17 31 1 18 0 21 7 21 8 28 17 5 12 16 29 4 30 31 18 23 29 14 5 10 32 28 
2 6 1 2 3 14 29 14 11 5 32 24 15 15 30 0 14 18 25 17 9 7 6 22 3 23 18 28 6 8 24 26 17 11 6 27 14 32 23 18 16 30 16 4 9 7 25 22 12 2 6 12 13 12 19 8 16 28 15 18 18 3 8 22 12 19 1 15 3 31 9 26 12 15 1 14 0 6 7 1 6 17 13 1 19 24 26 25 25 15 28 1 27 6 28 26 1 0 19 9 
9 31 25 29 0 27 20 3 20 22 17 16 25 8 19 8 29 18 16 19 0 15 12 20 12 28 27 22 1 7 7 15 26 26 8 26 19 23 17 10 24 3 27 24 9 6 9 18 32 1 6 12 16 6 1 13 3 16 7 7 2 14 22 29 6 6 22 29 17 7 17 2 21 25 9 25 0 24 16 7 5 15 10 2 23 19 12 8 20 17 3 18 0 8 5 9 19 30 32 22 
10 2 27 5 10 4 26 30 12 29 19 12 14 4 6 29 6 4 6 29 8 10 14 2 28 32 9 3 27 26 31 2 21 16 30 3 10 21 11 21 30 2 13 28 13 12 3 11 23 27 25 22 29 12 2 14 25 10 0 20 10 22 10 6 10 8 27 8 30 27 22 28 15 10 3 11 13 19 6 5 7 5 26 28 4 6 24 22 2 19 24 28 8 15 20 15 10 21 30 22 
1 4 18 21 28 6 9 9 12 3 18 15 23 7 11 16 7 10 4 2 8 18 10 22 11 2 13 18 27 15 32 11 8 4 18 13 5 25 32 27 29 14 3 19 15 19 29 9 1 8 27 2 31 19 30 22 2 13 4 17 3 3 6 29 25 12 7 27 20 22 19 1 9 31 24 4 27 13 11 28 4 21 8 18 31 18 6 7 17 14 3 18 20 13 5 24 15 16 31 28 
18 0 31 21 14 6 8 32 12 8 0 17 24 4 27 20 5 28 5 15 14 7 17 8 0 26 29 6 28 4 4 24 18 16 10 7 29 22 11 12 23 12 20 13 23 9 28 21 25 16 8 13 7 24 18 13 0 8 26 7 6 31 32 0 8 10 9 3 31 31 18 25 25 14 7 15 18 28 17 10 31 28 10 23 30 3 9 4 17 7 23 20 10 21 21 15 16 5 30 14 
14 20 14 29 16 24 12 11 15 18 29 16 5 32 18 31 9 12 20 27 23 23 26 0 22 31 6 5 8 12 21 3 31 8 12 26 3 0 0 17 9 3 0 16 0 13 23 13 22 23 14 6 23 9 24 24 16 21 18 17 24 23 12 25 21 16 22 25 27 18 15 8 16 10 25 26 4 5 24 3 3 8 15 4 32 32 18 31 18 16 20 5 7 16 10 30 14 2 19 14 
7 8 15 19 7 31 1 6 16 29 6 31 9 7 14 29 2 14 23 18 11 11 5 32 5 20 5 26 25 22 6 20 28 14 4 11 10 29 16 23 4 22 28 18 17 26 29 0 21 25 0 9 0 1 28 8 6 15 31 14 28 0 18 17 17 0 1 3 5 0 25 25 6 7 3 11 28 9 11 8 20 20 23 19 10 15 10 14 2 30 7 20 17 29 20 19 6 13 5 7 
31 5 14 31 2 22 18 17 30 31 5 24 31 8 16 25 23 18 32 9 24 15 26 31 8 3 6 16 31 20 28 29 14 11 29 6 8 25 10 2 0 3 20 25 27 10 15 28 9 8 9 29 9 4 1 27 5 15 1 8 0 2 28 2 0 16 18 22 13 25 28 24 4 2 31 0 21 4 0 23 27 17 17 18 32 11 19 11 2 28 27 5 27 28 12 14 25 20 20 28 
12 14 4 1 28 9 9 13 26 14 2 29 24 14 30 30 5 7 19 16 13 5 4 25 31 16 32 16 16 24 10 18 4 3 14 12 17 4 19 4 0 20 30 28 1 31 19 28 15 10 18 31 9 11 13 30 3 2 22 18 18 29 21 24 26 19 15 25 1 1 27 22 0 15 7 24 17 7 17 19 17 23 12 7 16 10 0 24 5 7 27 23 32 6 20 26 22 9 11 5 
32 17 26 26 26 12 4 17 17 10 22 17 8 4 12 18 14 2 7 20 4 3 8 24 17 25 3 8 7 3 19 6 20 1 9 19 15 10 3 30 3 11 30 14 22 21 10 2 5 22 8 9 8 12 6 10 16 26 30 2 1 15 5 10 27 4 28 10 9 21 1 14 31 18 30 11 32 1 9 18 15 4 6 22 27 8 6 26 32 13 24 11 27 12 13 24 7 13 3 19 
22 14 10 14 14 2 13 18 16 17 29 21 22 18 2 1 12 15 10 15 20 27 6 18 19 10 1 17 31 14 15 11 8 4 19 30 16 5 28 20 23 28 1 25 28 1 23 29 19 10 32 7 24 11 24 13 12 10 7 14 31 28 10 23 23 25 1 26 28 2 25 15 9 11 3 2 24 23 0 3 7 20 0 27 12 6 26 30 12 30 17 2 23 10 30 6 31 32 5 23 
27 4 18 6 0 26 26 17 20 26 21 23 9 22 22 27 4 23 24 13 0 8 29 24 14 17 14 15 1 26 30 3 12 20 13 7 27 20 12 28 19 16 8 3 28 12 19 18 10 7 25 13 25 30 23 19 32 6 31 18 5 30 22 3 4 30 18 10 30 21 11 21 8 0 11 30 10 3 26 2 29 3 0 24 14 3 25 18 26 2 14 26 23 15 5 26 13 14 2 14 
18 11 23 5 31 21 13 4 0 27 25 9 15 25 16 20 26 16 8 11 2 32 26 24 5 4 17 29 2 18 31 27 3 20 28 17 23 23 24 31 18 31 12 27 11 20 5 13 29 9 23 13 20 22 28 8 6 5 12 31 26 24 2 3 7 1 19 18 3 16 19 28 24 17 28 5 14 5 29 25 28 7 5 0 29 2 8 14 22 11 21 9 27 15 9 1 19 17 2 31 
15 13 4 21 14 1 31 17 10 29 14 24 2 20 1 7 1 1 21 25 18 29 24 2 2 8 8 25 5 23 31 3 24 26 14 12 24 18 22 28 7 10 15 18 31 9 3 27 26 14 18 30 0 23 14 4 2 20 21 24 32 20 7 8 18 4 15 12 28 22 18 0 2 0 16 25 6 17 20 15 21 8 12 29 10 3 29 6 2 6 30 18 7 29 9 13 4 28 3 9 
4 16 16 17 13 18 2 5 17 9 5 17 21 15 14 30 30 31 25 22 31 18 18 8 10 21 0 11 14 15 3 1 5 22 24 24 13 18 18 28 30 29 25 4 18 1 32 18 14 23 1 27 9 11 29 32 24 18 19 18 0 16 5 24 19 14 1 26 0 23 7 7 16 11 29 8 25 1 4 22 22 9 3 22 6 6 5 11 7 28 21 15 3 14 29 31 8 13 17 19 
