100
27 28 23 11 4 24 2 30 18 16 1 29 5 22 28 20 32 9 17 7 26 19 11 5 24 5 11 31 22 27 22 5 20 1 23 11 17 28 13 22 19 28 3 10 31 29 5 3 19 14 10 24 4 14 27 16 22 24 27 22 24 29 21 31 2 4 9 25 25 18 15 1 16 20 1 29 24 12 30 15 16 22 23 23 29 9 11 24 8 20 9 17 17 4 32 5 27 13 23 8 
15 8 2 23 12 23 11 12 24 25 14 5 19 24 26 7 4 8 25 12 8 16 15 7 7 11 16 18 32 1 28 10 5 24 8 31 24 25 8 14 2 0 3 8 2 4 9 13 26 23 6 11 30 2 31 17 27 20 5 13 30 30 8 19 8 2 6 17 17 10 18 28 22 11 17 6 20 3 19 12 26 12 28 9 28 19 29 6 12 10 6 15 17 24 3 23 0 16 4 24 
2 19 24 12 17 8 13 4 9 26 21 9 27 5 6 6 4 9 2 32 21 2 26 2 1 31 9 12 22 20 20 14 3 20 32 27 13 17 20 19 17 1 8 11 20 10 22 22 4 1 0 24 16 27 18 4 5 25 9 9 13 11 8 32 24 6 2 2 2 9 7 24 7 14 21 24 23 11 2 30 25 18 26 11 18 26 0 32 31 9 9 6 5 27 26 9 20 31 15 30 
4 26 13 8 21 14 30 25 19 1 6 18 9 11 7 21 14 16 31 19 28 9 4 27 31 15 7 24 19 9 8 11 4 24 17 8 16 8 21 22 22 16 3 25 9 21 25 19 20 21 10 12 27 11 9 1 19 1 19 11 3 9 8 8 17 1 3 16 27 26 6 26 7 2 31 10 29 18 17 3 17 10 6 11 4 26 29 20 27 15 6 19 29 31 29 19 21 28 25 8 
6 30 16 17 16 13 2 14 19 28 8 6 13 28 27 0 15 29 24 16 10 3 13 15 3 0 7 12 26 23 13 9 14 4 6 5 17 13 31 30 6 6 10 28 17 28 20 13 29 15 10 15 20 15 26 18 12 30 32 20 3 10 30 29 30 23 18 6 13 9 8 4 1 31 26 5 31 8 4 4 0 9 22 18 7 14 3 32 22 32 19 13 20 24 17 31 10 27 18 0 
0 17 24 27 27 9 16 5 25 7 2 9 22 27 19 21 16 2 7 9 12 9 3 26 12 9 15 26 24 10 23 3 6 29 13 16 20 5 22 31 28 6 9 17 7 12 16 26 22 28 4 22 10 21 7 31 7 18 5 13 25 28 11 31 21 14 10 32 30 11 16 22 2 30 27 0 12 32 16 32 1 14 1 27 21 23 9 0 30 14 9 4 10 30 10 4 2 15 25 25 
21 11 18 18 5 14 29 14 10 16 9 8 19 25 10 30 2 28 12 5 7 2 18 0 22 24 6 7 32 20 6 26 5 14 7 23 25 0 26 2 17 17 8 23 12 4 15 24 17 11 3 19 23 31 29 17 22 9 6 25 27 24 4 20 4 23 18 13 14 9 0 21 32 16 15 15 10 0 3 17 15 2 28 19 29 24 12 22 13 12 7 14 31 2 12 8 22 1 5 30 
21 2 8 15 2 18 19 21 5 9 3 3 23 27 19 13 5 17 7 2 14 19 24 29 22 32 25 9 12 1 12 18 25 18 8 12 16 22 1 15 23 0 12 25 17 5 31 11 28 17 27 25 24 8 0 26 4 9 13 26 5 6 5 19 1 5 0 24 15 20 25 3 17 18 3 15 18 11 9 25 7 10 23 14 23 18 27 29 13 30 15 14 12 21 6 14 22 18 22 14 
17 30 15 26 6 18 17 17 27 16 16 1 11 26 20 6 3 11 23 31 15 8 10 12 25 13 23 14 25 26 15 28 23 28 16 27 3 0 3 30 26 17 8 18 10 1 12 25 2 12 26 24 7 26 14 9 16 8 22 0 9 4 27 1 11 17 26 16 19 3 13 4 11 1 25 25 1 16 31 11 8 4 30 2 16 15 18 13 4 24 22 21 3 3 13 13 8 27 0 5 
31 10 7 2 24 16 1 4 12 28 19 22 20 26 17 26 30 12 16 17 21 6 0 26 3 17 28 31 21 12 15 4 11 14 15 10 22 4 19 4 3 3 18 1 20 16 24 27 6 30 7 29 13 23 17 0 30 18 5 9 3 20 2 27 25 18 5 31 6 31 22 11 28 15 12 9 32 1 11 1 25 28 29 10 7 7 28 25 6 19 10 15 20 25 15 23 9 32 18 16 
26 24 6 8 8 16 20 24 32 32 25 12 2 5 26 7 9 11 6 23 15 9 18 3 22 26 30 6 22 12 0 4 13 1 24 17 23 1 4 8 7 25 4 26 15 1 13 14 6 19 13 13 5 19 8 10 1 17 10 26 25 19 3 15 9 6 15 24 21 4 27 9 23 17 5 12 4 3 10 12 30 5 1 16 20 26 31 26 32 16 8 0 9 28 15 22 4 12 8 18 
11 7 28 24 30 7 8 2 9 4 9 0 29 2 9 21 2 12 9 25 3 2 31 13 24 21 31 17 4 14 20 22 0 31 14 2 22 19 15 0 29 9 8 25 30 5 1 18 21 5 4 30 15 10 11 19 22 22 19 6 23 3 25 26 24 8 32 10 6 4 18 8 31 29 9 24 9 32 24 0 15 7 16 18 17 4 29 4 17 32 18 16 29 28 17 22 17 12 3 32 
6 4 28 30 11 22 21 13 17 29 19 23 13 31 15 16 4 8 29 22 18 29 3 24 30 30 12 2 10 26 16 5 21 22 14 7 25 18 23 28 24 2 13 14 13 31 14 0 17 4 4 31 1 0 24 24 19 11 14 26 29 10 1 14 3 20 30 10 32 25 1 23 10 13 21 3 6 6 25 32 14 0 5 20 1 5 4 29 1 31 18 24 32 0 26 29 12 19 23 14 
15 28 10 1 5 20 14 15 14 29 6 26 28 28 4 14 20 18 32 2 25 11 6 24 8 7 32 8 25 0 25 27 26 20 14 19 16 6 19 15 26 16 13 13 10 19 29 5 23 20 9 23 26 28 14 22 7 20 29 22 32 3 25 26 10 2 12 16 0 12 17 1 22 26 11 8 23 22 29 20 4 1 3 25 15 22 1 17 11 1 3 28 1 25 1 21 10 21 11 17 
24 9 12 2 18 28 4 10 9 19 10 20 23 27 23 25 18 25 16 7 31 24 7 3 17 28 15 23 0 30 21 30 4 22 28 20 22 0 0 3 26 14 30 1 0 9 17 22 7 27 27 25 11 6 3 5 8 29 25 13 17 28 25 16 4 6 14 21 9 28 11 22 10 5 5 26 22 31 2 4 1 11 26 7 20 4 24 10 20 5 6 3 28 21 12 17 32 7 4 7 
15 10 23 20 11 14 5 25 3 22 4 5 1 21 26 20 30 19 7 15 9 25 21 9 31 26 8 28 13 32 21 12 9 18 27 0 27 26 21 31 23 19 17 13 19 25 30 1 5 30 29 32 11 21 24 13 20 1 12 31 15 12 14 9 21 1 19 17 3 17 3 10 25 3 10 32 15 18 27 20 9 22 5 24 13 14 24 31 18 13 27 22 22 4 16 1 12 17 31 11 
28 22 18 29 16 28 22 20 30 20 29 17 1 26 20 7 11 19 17 16 15 8 29 15 31 27 17 26 8 0 5 4 8 2 24 24 30 29 31 16 18 14 5 30 4 13 2 11 17 10 22 19 29 6 31 9 20 23 28 27 29 26 17 5 27 11 3 30 3 13 22 12 12 4 8 1 4 31 14 21 22 21 12 27 8 4 22 23 12 29 17 9 28 15 18 5 17 29 19 18 
30 31 15 16 26 22 19 3 20 6 23 4 32 12 18 28 29 5 23 23 12 7 6 15 20 30 29 16 24 29 32 26 6 10 6 23 22 28 3 13 31 3 7 13 31 2 23 10 5 27 0 30 5 11 5 22 18 9 10 30 6 10 20 27 21 20 25 11 8 7 14 9 15 31 9 17 19 3 0 29 4 26 19 12 20 22 12 7 29 32 27 27 1 29 16 27 28 8 11 8 
5 2 30 1 12 11 15 4 8 18 10 11 31 5 21 25 5 15 17 15 28 24 18 3 29 5 10 3 14 26 6 27 15 15 16 1 28 4 15 12 23 13 4 13 19 4 19 7 17 21 29 25 17 17 24 6 23 14 11 27 25 9 25 1 20 10 26 23 29 14 5 32 6 11 19 27 29 10 29 15 28 0 12 20 29 20 27 1 29 27 20 12 7 27 21 10 15 8 2 16 
15 22 16 3 7 27 17 17 23 19 8 22 23 3 20 13 27 19 14 3 7 5 25 2 1 1 20 21 9 25 8 28 13 17 23 18 27 3 13 8 24 2 16 22 3 9 27 20 5 9 8 13 30 3 3 8 12 20 18 18 24 1 31 9 16 32 2 19 14 8 11 30 19 6 19 24 12 20 32 26 19 25 7 17 18 3 17 11 9 21 18 4 31 3 12 9 13 10 2 0 
26 2 3 14 24 22 23 22 11 0 20 15 25 15 12 18 5 11 22 24 24 16 26 31 12 24 14 14 21 0 11 6 6 6 5 25 21 15 4 27 5 5 30 6 5 3 30 1 5 27 27 30 20 24 22 3 30 15 22 11 24 31 23 32 6 31 18 28 21 28 10 3 14 17 27 20 8 18 8 5 12 12 29 12 23 11 25 8 29 22 10 20 3 6 3 26 28 19 3 24 
31 12 28 28 6 10 28 11 11 3 29 20 0 16 13 20 22 14 22 19 0 16 7 29 31 4 19 19 19 32 4 14 23 28 19 4 27 19 7 2 23 9 17 18 24 18 22 6 5 17 11 27 10 27 30 29 17 14 16 26 8 30 24 0 31 13 11 11 6 2 24 15 15 29 31 24 19 21 17 23 20 11 22 7 13 11 19 10 30 2 6 15 3 28 22 18 21 14 8 17 
14 14 30 8 22 0 7 15 1 23 17 25 16 30 29 16 6 18 1 29 4 7 8 3 25 4 8 7 22 19 18 6 8 32 31 8 10 0 15 15 29 13 29 0 1 18 10 0 32 22 25 14 2 13 13 25 10 25 18 4 25 27 20 14 21 29 20 7 7 17 31 4 13 5 15 3 17 29 12 18 17 25 30 23 19 13 18 2 6 22 7 17 20 12 1 27 2 1 14 32 
7 16 6 9 10 10 25 26 2 24 24 18 32 20 11 20 13 10 23 4 10 15 20 20 26 25 15 18 12 6 16 13 30 4 26 11 21 26 31 25 23 10 5 28 29 28 14 31 4 16 4 19 30 18 24 21 26 26 25 8 26 26 19 11 32 30 17 7 29 15 28 28 11 0 18 30 7 28 11 22 10 17 3 22 23 5 8 29 0 17 0 4 1 4 6 25 28 21 10 11 
31 29 32 26 28 17 3 23 9 24 27 23 13 12 5 2 25 7 14 23 23 10 11 29 4 8 12 20 30 11 8 24 2 15 14 15 32 30 32 23 30 16 11 1 24 6 32 1 19 17 9 13 3 27 2 26 17 0 30 27 18 11 20 30 0 11 1 24 12 15 20 31 8 26 31 20 20 16 12 11 3 20 14 12 10 31 23 22 4 32 6 15 29 9 24 29 27 14 7 15 
20 22 19 31 30 7 12 16 5 0 11 11 18 26 4 1 12 30 29 26 8 18 10 18 2 2 8 9 2 14 3 19 5 14 20 28 28 32 2 24 14 25 32 27 24 7 10 26 6 6 13 2 18 31 32 5 5 28 26 6 21 29 14 3 12 28 18 8 15 5 0 14 15 4 20 7 23 23 19 7 18 17 7 27 4 2 19 13 1 3 10 8 28 1 21 31 18 11 15 9 
19 20 31 23 2 21 22 14 1 32 7 23 8 0 15 0 16 23 5 14 17 18 25 20 15 31 27 5 28 18 17 21 12 32 8 23 3 8 25 28 21 15 2 28 30 30 12 1 18 11 13 12 14 8 12 1 19 16 22 27 14 17 2 18 15 21 31 20 7 2 21 16 28 12 24 7 3 30 12 30 21 9 21 15 12 16 14 23 25 8 21 32 8 14 20 25 29 26 23 21 
1 18 8 27 15 24 13 13 6 28 2 6 15 20 30 31 29 28 17 13 32 20 23 25 7 28 27 16 2 15 28 1 2 14 21 30 18 11 32 0 21 30 5 27 5 6 28 1 15 7 6 14 18 26 19 10 4 20 16 20 28 11 12 3 23 23 1 10 23 26 32 23 21 18 19 14 8 22 27 3 14 23 10 21 8 25 22 26 24 25 20 14 14 31 30 4 9 23 27 3 
30 13 19 7 14 16 12 3 22 15 24 12 3 24 28 12 8 8 31 15 21 22 10 26 16 22 27 15 1 31 17 29 18 10 20 9 1 24 24 15 26 26 9 9 21 2 29 16 4 25 3 16 12 1 28 5 2 18 0 15 3 10 29 29 12 15 20 19 15 20 0 23 12 21 23 6 5 22 23 15 28 20 14 6 13 25 22 13 20 16 3 18 15 29 24 25 18 17 24 31 
19 23 24 17 18 25 32 16 19 27 25 7 27 31 30 28 1 3 13 0 0 4 12 5 4 5 3 23 22 32 24 6 8 27 18 4 29 24 22 23 29 1 21 8 27 19 8 27 17 17 25 32 16 31 25 25 31 24 3 17 26 4 4 5 3 5 12 8 13 28 2 8 27 7 2 19 2 5 23 16 2 26 22 27 25 4 27 27 21 22 3 14 8 32 1 24 25 3 3 8 
13 9 3 21 4 13 31 24 5 5 6 6 22 0 6 19 30 22 28 29 29 7 19 10 29 11 7 28 25 12 29 30 24 28 8 15 14 2 11 27 2 25 12 12 12 16 18 29 14 12 22 17 9 28 4 15 30 28 4 13 17 30 2 19 19 9 27 8 7 27 15 14 9 31 15 16 32 29 4 27 6 27 30 11 9 14 20 25 30 29 27 13 12 1 3 5 17 0 23 21 
31 23 23 24 19 18 13 1 10 2 14 2 16 11 23 29 8 2 29 21 0 20 3 28 17 9 18 1 18 9 12 8 30 29 17 12 6 3 26 18 1 8 5 25 1 1 0 30 17 3 5 0 17 32 11 25 5 15 8 5 4 3 2 25 14 30 22 18 25 29 27 19 25 29 6 22 32 28 8 1 8 8 19 12 12 23 20 8 9 23 2 2 0 9 19 29 20 19 32 0 
12 3 14 23 32 24 16 32 26 16 21 0 18 14 22 23 24 10 20 11 29 12 3 22 14 14 17 10 16 0 13 1 13 20 4 17 3 27 8 16 15 13 1 18 14 28 30 18 11 2 24 7 26 4 19 20 2 28 31 28 2 17 4 13 25 3 3 23 14 16 25 17 8 27 30 15 27 2 3 32 6 3 32 1 26 32 29 29 29 24 24 9 5 26 14 15 22 2 8 29 
7 8 16 30 31 27 14 18 17 27 3 18 26 7 3 32 18 4 21 4 13 32 12 13 19 24 26 2 28 23 2 27 18 2 3 0 21 6 12 21 9 6 30 14 32 2 11 9 22 2 15 15 14 10 31 4 0 19 27 19 11 2 24 8 15 1 10 22 31 18 7 20 23 18 27 9 2 2 26 6 19 20 8 19 6 6 8 9 1 26 11 31 20 31 1 29 30 20 3 14 
26 8 2 12 12 17 3 8 23 14 1 32 23 28 1 21 13 30 24 26 4 5 7 21 18 31 17 19 24 18 19 6 18 15 22 28 22 0 9 3 0 4 14 0 12 4 31 12 2 18 17 22 22 24 18 20 16 15 9 6 22 26 32 14 32 4 16 1 0 6 2 1 14 29 31 18 23 3 12 2 24 29 11 27 0 28 21 14 3 19 3 17 14 21 23 6 8 31 20 29 
20 19 7 29 30 10 5 2 29 21 24 16 7 17 20 11 11 5 27 2 16 9 16 16 16 21 11 2 32 15 24 15 21 30 25 30 25 22 13 30 30 1 24 32 27 30 14 6 26 16 22 5 6 9 16 1 12 22 20 2 3 31 10 26 6 8 26 1 23 4 19 19 23 22 5 12 9 6 15 16 12 2 31 27 2 2 30 3 14 28 11 29 2 15 12 0 7 29 22 18 
27 16 9 16 2 13 31 2 20 11 5 11 0 11 14 21 17 29 5 22 32 19 21 20 20 27 20 7 20 14 25 14 23 16 25 6 24 7 6 32 13 2 16 28 18 2 8 28 7 28 10 26 5 17 20 32 0 23 13 18 5 24 24 2 7 18 31 6 13 15 7 17 16 29 6 8 24 7 16 4 10 25 3 17 4 21 23 5 28 17 26 7 18 1 10 15 24 29 12 2 
19 25 13 23 8 4 19 22 6 5 18 23 12 8 29 29 26 8 10 30 4 13 13 14 14 23 13 3 32 18 9 14 23 32 11 1 12 28 23 13 17 14 29 11 10 23 25 2 5 26 6 17 10 13 21 14 8 16 3 1 4 10 16 29 5 9 24 18 0 31 7 22 4 31 7 12 16 10 14 6 32 5 2 25 7 6 14 16 15 14 21 26 24 23 19 4 7 4 18 27 
21 1 13 26 14 26 8 19 23 2 6 13 32 13 0 0 2 12 15 30 11 25 13 16 26 5 24 26 1 9 26 31 9 18 9 3 22 15 1 12 3 22 4 30 26 29 1 4 16 6 0 3 5 3 30 24 20 25 25 22 22 23 22 18 8 23 14 29 1 20 21 19 8 23 28 0 32 9 17 16 19 27 1 11 1 9 29 24 0 15 7 16 5 25 17 27 9 15 6 21 
20 9 12 22 4 13 23 30 30 18 28 1 26 3 6 3 0 13 5 4 5 30 6 1 11 31 30 15 18 19 16 23 13 23 21 20 5 30 23 32 0 28 21 7 32 22 23 25 1 31 24 5 22 21 18 3 2 7 16 22 21 22 30 17 10 14 1 28 2 3 15 16 15 24 21 2 13 1 18 27 31 18 27 18 17 28 23 19 32 20 3 7 16 0 23 21 3 11 10 14 
4 19 8 27 14 32 25 3 24 11 8 26 16 6 23 21 3 21 27 10 24 20 23 13 17 24 27 17 17 16 12 29 29 27 2 13 0 20 2 11 2 20 3 6 12 5 29 6 8 27 22 8 27 30 14 1 16 24 26 24 6 11 8 10 12 1 16 20 5 0 26 12 29 22 31 18 5 0 32 18 5 0 22 10 22 16 21 15 19 22 29 28 20 17 6 10 1 6 26 30 
25 25 9 11 4 2 13 16 9 16 26 21 14 17 31 15 21 20 24 19 14 1 31 15 7 1 18 0 22 2 29 28 18 27 3 30 0 4 21 20 5 24 9 26 5 20 7 23 30 27 12 27 0 0 17 7 12 3 28 2 17 8 12 29 9 11 29 7 9 0 17 20 2 5 16 1 23 6 29 3 22 31 9 3 23 22 25 26 9 7 25 24 6 2 15 19 17 26 18 1 
2 19 19 4 6 12 25 25 31 31 2 23 30 3 12 29 13 26 20 28 4 7 5 24 25 21 1 18 24 30 2 17 29 18 0 29 22 12 15 1 5 15 13 20 22 22 26 8 8 31 16 6 30 6 0 11 22 28 22 13 12 25 20 17 22 13 19 21 16 11 6 11 31 0 9 32 24 10 23 22 31 16 20 17 22 15 15 10 25 14 18 24 24 21 15 11 23 13 29 5 
18 26 20 24 12 21 25 31 29 0 18 8 16 20 25 21 7 24 27 0 11 26 16 9 1 5 3 25 25 18 32 9 23 18 23 28 30 7 18 22 26 32 28 18 10 6 15 13 11 30 19 9 0 6 3 24 14 5 6 6 0 22 23 27 21 21 15 27 14 13 30 14 2 23 11 25 9 31 26 21 23 7 10 17 29 22 15 26 29 26 15 17 32 13 17 22 1 14 2 9 
7 19 30 15 5 2 27 17 21 13 18 8 30 3 27 21 15 1 14 10 13 17 29 6 20 1 17 24 13 19 30 13 31 31 6 2 16 1 13 1 2 25 6 5 16 13 1 5 19 28 17 0 26 2 19 5 9 27 17 29 6 31 15 31 24 16 1 17 10 2 6 0 20 3 27 9 25 3 2 32 18 17 27 25 26 13 24 30 24 21 30 6 24 25 14 4 1 0 14 7 
29 24 17 24 24 9 6 21 3 19 3 21 3 6 5 13 4 27 27 16 7 8 26 18 11 17 20 24 25 32 0 16 9 0 30 32 12 29 23 8 22 15 19 7 10 25 31 29 9 29 12 13 7 4 29 2 4 30 32 3 8 26 1 26 16 1 32 2 24 10 14 4 20 20 2 8 22 32 12 2 25 15 3 26 26 19 20 25 5 2 22 2 6 16 14 19 16 11 17 28 
18 24 3 12 31 7 8 29 5 11 4 32 30 20 29 9 11 22 0 25 15 7 0 32 24 0 27 9 3 22 17 23 30 4 3 2 20 25 1 25 1 3 21 17 2 27 26 31 20 7 26 4 28 0 13 25 12 32 14 13 1 2 2 19 12 6 15 11 13 32 13 1 3 11 0 26 13 23 32 18 28 29 11 2 6 10 16 29 1 28 6 17 30 29 14 29 25 15 28 13 
4 28 18 14 14 28 31 27 31 9 26 9 22 1 21 24 4 10 0 9 3 29 20 5 12 24 1 21 14 9 22 14 12 24 27 5 19 11 29 22 25 26 25 28 2 30 13 12 9 13 28 15 9 2 32 31 24 15 15 10 3 21 29 22 24 7 24 0 17 4 26 16 25 24 17 18 16 16 31 7 5 12 4 15 24 7 3 17 16 9 14 31 30 16 6 12 22 3 29 8 
19 14 15 13 24 31 29 7 25 15 8 17 5 6 2 28 1 28 18 16 26 20 29 4 12 14 29 27 17 19 4 24 18 7 6 19 13 17 28 4 4 13 0 21 21 5 1 23 5 13 16 20 29 6 27 31 15 30 31 11 19 3 13 26 19 7 0 8 13 27 17 7 7 21 15 29 25 27 19 22 14 31 25 19 28 2 15 2 17 3 32 11 1 11 27 12 8 32 18 21 
8 17 5 27 3 8 20 20 24 2 13 30 22 14 29 4 20 17 6 20 9 1 10 4 31 10 23 28 18 26 7 0 12 18 8 30 6 3 2 9 18 0 12 3 2 17 0 3 4 3 16 10 29 14 29 6 11 8 14 7 28 24 30 22 4 4 12 32 14 29 3 9 5 1 15 14 5 24 30 8 5 23 1 12 31 28 9 30 2 25 20 30 31 23 12 0 25 24 9 31 
0 0 19 3 14 29 28 23 0 10 4 15 13 15 23 19 14 22 25 28 32 21 0 0 1 11 25 9 15 5 28 12 21 23 6 6 3 17 29 5 31 10 23 20 16 25 14 6 23 32 7 16 25 1 16 0 25 3 5 31 9 15 7 10 14 0 4 5 28 6 0 21 27 18 15 20 30 12 12 2 18 21 9 11 2 10 4 0 2 4 3 15 4 0 17 12 27 21 9 16 
8 15 29 16 29 20 27 14 4 6 27 16 5 12 3 0 12 5 4 20 14 16 28 7 31 13 6 21 24 8 6 27 24 3 10 19 23 29 29 32 15 18 9 14 5 19 19 3 4 18 28 32 21 31 12 25 16 18 24 25 16 3 3 25 25 7 6 10 10 19 14 9 3 32 10 8 16 18 10 7 22 24 28 24 31 1 6 18 15 22 28 31 24 12 27 31 19 8 22 21 
5 19 26 14 7 10 22 30 20 9 13 3 7 6 26 5 0 4 18 7 14 5 14 29 21 31 31 3 12 26 32 0 3 22 3 14 28 21 11 29 11 18 25 13 32 25 18 30 26 9 12 9 30 27 13 28 22 17 20 30 9 28 18 14 11 12 0 13 32 11 11 6 29 0 29 28 31 17 1 11 27 15 6 12 11 23 31 19 27 19 22 5 9 20 32 14 18 30 31 15 
14 4 31 12 29 31 30 7 4 28 16 5 30 11 6 5 32 2 13 13 12 12 19 18 9 19 31 3 26 13 29 26 0 30 18 16 12 17 23 10 12 12 5 24 12 12 7 10 2 17 7 4 2 31 17 31 3 19 12 0 17 23 19 20 11 31 23 4 25 23 23 31 14 1 17 31 27 26 27 16 23 32 1 5 2 2 10 7 17 21 9 10 21 14 11 3 0 25 2 15 
31 5 1 31 0 1 7 5 11 20 5 16 0 17 20 13 30 13 11 6 3 4 29 20 13 1 4 16 18 4 18 4 5 12 16 9 22 28 0 10 14 23 1 2 26 21 30 8 19 9 26 24 14 23 17 5 15 22 22 4 9 4 5 11 2 20 18 26 31 10 26 28 32 19 32 1 0 2 2 22 14 28 13 29 30 7 23 20 32 11 7 10 19 4 1 26 23 31 9 15 
7 13 24 25 8 22 2 6 11 24 8 5 7 3 20 17 32 30 3 9 13 27 25 11 19 25 19 26 19 7 14 8 25 16 0 18 32 4 5 14 16 0 30 25 3 23 16 22 26 8 18 30 20 21 30 22 14 31 7 3 19 0 14 7 28 7 1 10 8 27 21 21 32 12 20 1 22 7 26 12 19 0 0 28 0 3 32 22 4 29 19 1 31 24 11 12 17 14 13 18 
18 17 23 24 10 23 2 2 32 29 30 22 12 6 20 29 6 11 29 27 20 3 17 15 14 18 29 25 29 11 25 14 28 23 1 23 27 4 5 14 11 26 30 22 5 4 22 15 12 7 6 18 22 10 32 25 2 14 14 19 26 13 1 19 15 21 2 16 27 2 31 11 19 25 17 16 28 13 20 14 1 14 6 12 3 18 2 27 13 3 2 29 4 11 8 6 3 13 30 5 
17 5 19 13 30 14 1 9 7 31 2 9 4 13 24 27 16 6 1 5 11 3 14 28 20 7 18 31 30 27 9 25 31 14 13 29 31 8 17 7 31 29 24 30 31 12 15 16 14 27 10 23 6 22 30 24 30 9 10 2 14 17 18 11 6 3 31 18 23 11 22 17 21 23 20 30 10 11 16 31 11 11 15 31 21 32 16 24 19 5 32 11 20 29 26 1 2 22 28 20 
20 24 26 14 26 2 23 8 11 3 26 28 19 29 8 32 29 27 27 3 2 23 8 2 26 5 23 0 14 0 31 29 17 5 28 8 28 0 10 16 19 8 27 28 14 31 19 10 14 29 8 4 23 3 30 2 25 7 21 13 0 5 7 25 21 4 19 9 5 28 24 25 1 4 27 22 2 8 15 3 7 18 25 5 28 23 31 23 23 28 19 15 13 18 24 2 20 32 7 27 
28 3 18 23 1 28 20 31 18 26 5 31 20 2 31 18 20 9 15 29 5 20 8 12 5 25 27 6 17 27 23 11 5 22 16 13 11 12 21 17 29 29 31 1 11 13 3 22 4 26 23 0 3 25 30 15 24 27 30 3 26 17 23 5 2 21 12 20 7 12 5 5 31 4 13 2 18 10 6 32 11 17 5 1 31 13 20 0 14 29 20 7 10 24 15 23 17 15 7 17 
5 11 29 21 18 11 7 8 28 12 26 28 6 1 12 15 15 14 32 12 17 15 21 19 10 30 30 16 12 27 6 29 8 16 12 28 12 22 5 11 6 29 6 28 15 5 4 9 28 15 9 28 5 11 31 22 17 8 22 1 14 22 20 0 26 31 22 22 2 18 9 21 32 0 9 15 29 0 9 3 25 31 15 29 14 19 19 19 0 26 30 26 9 10 31 22 23 15 19 0 
2 22 21 32 31 19 20 7 1 32 29 30 5 3 5 30 9 17 24 29 7 9 20 12 18 7 28 9 4 22 18 25 29 1 21 22 10 10 15 23 15 24 7 12 15 30 20 12 18 26 27 22 3 10 8 11 23 9 4 20 24 32 22 32 26 29 22 22 23 22 21 17 20 9 19 21 17 5 25 25 3 10 13 21 29 7 2 11 4 18 22 5 16 17 23 20 2 25 11 11 
2 28 24 9 26 27 18 12 18 13 6 20 18 8 3 31 12 4 30 0 3 14 21 26 29 8 1 24 26 18 15 21 28 30 31 23 9 29 25 25 6 0 4 14 17 2 25 9 20 31 11 1 26 18 9 2 23 29 23 12 2 9 30 1 29 20 3 15 6 9 3 18 15 1 14 28 17 17 15 30 5 13 17 4 11 30 32 30 8 32 15 21 27 13 26 18 12 19 22 10 
19 3 17 1 28 14 22 16 31 21 9 21 30 30 9 2 25 23 11 29 5 26 22 23 31 18 11 23 30 5 29 32 14 22 6 32 7 28 1 31 4 24 19 24 7 25 3 20 31 15 3 1 15 13 12 22 5 23 31 20 19 16 18 9 20 23 14 23 26 26 13 30 7 14 27 1 27 32 4 18 24 31 3 0 21 21 7 25 5 2 5 28 27 16 3 1 28 3 22 3 
8 15 9 4 14 18 20 30 27 12 6 25 27 7 14 28 19 7 19 7 16 6 22 18 15 28 22 3 29 1 18 17 22 30 27 10 25 9 25 9 27 18 23 3 29 21 8 9 18 15 15 8 23 27 12 12 25 4 4 11 9 2 28 30 18 32 28 7 4 2 7 17 26 29 27 15 14 29 31 15 8 20 16 6 5 3 9 17 12 17 26 24 17 30 16 25 24 6 29 21 
13 19 1 22 1 18 10 25 29 26 0 4 24 22 32 10 4 10 17 23 13 3 28 6 1 21 19 0 19 31 2 16 10 28 16 6 12 15 19 1 22 20 3 17 17 12 30 32 27 5 15 7 9 23 2 22 2 20 11 6 24 13 4 18 17 6 0 3 31 11 24 7 32 26 2 14 16 8 30 19 12 18 20 28 29 30 26 8 28 13 5 11 10 16 18 24 20 3 3 31 
11 23 16 12 0 4 27 6 0 21 9 18 26 21 18 29 17 6 4 29 18 30 21 2 27 29 16 0 1 15 18 27 18 27 9 17 26 20 20 19 23 21 29 9 0 0 5 7 28 21 26 25 5 12 15 14 7 5 21 9 5 13 6 12 0 26 4 25 12 19 21 1 25 5 13 9 26 10 10 6 1 9 6 29 19 7 16 4 25 17 15 19 9 10 3 23 15 15 24 9 
19 20 12 14 23 28 0 2 31 21 5 24 17 26 11 15 23 5 25 10 8 2 1 29 18 29 13 17 5 14 17 5 7 21 14 8 15 5 21 4 4 12 32 10 8 24 30 21 7 7 15 21 26 20 2 9 4 2 16 1 22 3 14 19 31 26 18 13 11 10 28 2 26 1 6 29 16 13 10 19 26 25 31 14 30 26 32 28 32 4 29 0 1 22 7 27 15 17 22 14 
4 10 29 15 15 19 11 0 1 27 15 19 0 10 22 13 19 1 25 23 0 20 6 22 23 4 5 2 5 19 28 11 31 31 19 32 16 4 6 21 31 31 4 28 9 25 10 28 5 15 5 31 1 10 9 28 15 8 8 21 18 30 11 24 13 27 15 7 4 5 21 13 27 11 18 24 1 8 21 20 13 2 18 27 25 10 2 30 20 16 6 27 29 28 16 22 13 10 25 31 
18 14 24 12 18 16 24 17 15 7 22 2 15 20 29 16 27 0 23 22 24 8 7 32 14 31 28 26 12 16 9 27 27 29 22 7 17 18 9 19 27 12 17 3 30 19 29 8 25 1 15 19 29 18 11 15 10 3 5 8 1 9 17 21 31 30 27 3 15 17 17 9 5 23 13 3 26 11 28 9 0 11 27 17 19 11 4 22 18 12 7 24 20 14 21 6 27 0 23 22 
18 7 13 2 16 15 27 2 13 30 25 31 29 5 11 0 21 8 29 2 3 7 1 15 22 12 15 9 8 3 0 7 10 4 16 12 22 8 10 14 20 8 10 19 22 31 25 0 11 23 18 3 27 10 27 6 8 13 15 24 29 8 16 15 25 20 1 22 18 28 21 9 18 30 23 17 17 17 1 0 11 31 22 9 15 21 29 7 22 18 23 15 13 31 7 23 10 26 32 17 
27 13 24 3 29 13 32 6 16 31 6 4 24 32 16 3 23 15 22 10 27 20 2 11 9 28 10 25 21 18 29 13 4 10 20 0 20 30 22 0 18 18 15 30 1 18 31 5 3 10 28 28 29 8 29 12 30 32 2 0 1 18 31 31 31 8 16 20 4 14 3 13 19 31 8 16 4 9 19 0 5 0 7 24 16 25 10 15 23 19 30 10 2 9 3 24 23 6 24 1 
8 24 5 29 12 2 1 17 9 16 18 10 6 22 23 10 22 14 3 22 27 6 17 2 24 31 27 13 26 11 30 31 8 12 14 0 18 2 18 6 7 10 26 23 18 21 13 18 28 3 19 0 14 21 20 8 14 19 12 20 14 8 21 19 24 23 5 9 26 15 20 6 2 21 25 28 14 20 20 31 28 18 30 18 19 2 3 10 0 32 18 3 25 23 27 21 25 28 6 10 
18 31 8 25 11 6 23 17 30 18 23 15 31 10 25 13 7 27 3 9 21 23 28 18 27 27 14 14 26 23 3 22 7 19 20 23 32 13 13 14 0 20 8 21 25 20 16 22 7 20 27 23 0 5 16 25 20 31 19 24 21 31 3 2 5 22 0 11 9 18 12 11 20 12 1 18 13 19 5 17 11 12 23 21 4 15 9 17 31 24 20 28 19 2 1 5 19 27 30 14 
0 22 24 3 19 20 29 26 10 2 14 6 8 10 8 23 14 18 21 21 22 3 0 22 10 8 14 20 18 29 31 13 9 19 10 16 21 11 28 16 10 22 22 27 17 32 5 0 26 4 24 0 13 8 10 19 29 19 14 7 6 1 30 5 23 28 19 14 13 32 6 9 25 28 28 24 21 5 11 8 14 21 12 15 25 23 13 16 26 27 29 23 12 23 24 3 6 30 20 27 
13 4 5 12 9 26 21 7 1 30 25 19 1 14 31 31 7 6 4 29 30 20 9 29 31 19 16 7 3 29 7 20 3 23 11 16 0 15 11 18 31 21 20 25 21 16 20 14 6 27 20 24 18 10 24 21 22 24 16 32 7 23 27 23 28 29 13 28 13 20 30 3 20 31 8 2 25 23 3 29 31 29 3 17 12 1 2 26 7 12 2 14 24 4 16 6 29 5 3 10 
12 27 1 8 4 25 4 8 8 20 27 10 25 1 32 11 17 24 22 7 4 3 27 3 6 20 31 0 13 10 16 3 8 13 30 13 16 9 30 21 12 22 28 24 23 4 26 25 16 4 24 29 29 24 17 4 20 15 21 8 15 11 21 3 24 14 17 0 22 0 13 3 28 1 29 9 26 12 10 29 6 23 0 24 29 14 32 2 13 24 19 1 1 19 29 22 30 27 14 17 
15 23 17 0 26 22 11 0 0 7 12 12 32 25 27 25 12 18 7 3 10 10 16 15 0 21 22 25 13 8 30 16 20 13 13 9 23 9 8 3 4 13 32 11 18 11 12 32 17 27 16 30 19 26 25 22 6 13 20 26 2 4 29 13 25 14 10 12 15 14 10 23 30 31 11 19 2 9 11 14 15 7 3 23 27 20 12 29 7 1 14 23 8 23 28 28 15 13 22 8 
13 12 27 0 2 5 25 8 1 6 3 7 7 31 18 8 2 30 1 9 24 31 1 1 23 0 3 15 4 6 3 14 7 7 28 8 2 21 26 5 15 16 22 15 20 18 17 25 24 23 1 4 9 29 18 25 19 26 14 26 6 0 8 31 3 27 2 23 13 8 1 19 21 12 28 9 18 28 27 3 20 24 14 23 6 28 6 17 15 21 14 19 27 9 3 12 17 28 24 21 
14 4 10 12 13 25 30 28 22 31 13 19 0 17 26 10 28 6 10 12 10 31 9 15 10 24 21 27 15 22 27 14 15 23 19 29 28 14 30 14 22 7 13 2 17 13 16 9 15 12 15 31 15 27 25 6 20 13 3 29 8 18 1 13 21 22 0 0 19 30 16 6 1 9 3 32 7 15 15 1 6 10 11 13 24 6 15 17 26 18 28 26 22 15 20 30 2 2 26 5 
20 16 0 15 6 4 31 8 19 19 10 29 0 5 27 14 9 23 15 7 24 26 13 7 28 5 16 14 23 3 13 9 9 9 13 16 17 30 18 10 13 14 11 12 30 8 30 7 23 30 20 4 7 32 13 12 12 6 10 13 17 13 14 28 12 5 11 22 9 6 20 5 1 14 14 29 24 11 25 18 0 1 12 3 31 7 23 0 6 29 9 9 8 24 21 31 5 24 4 10 
18 23 3 11 3 26 6 31 8 13 23 23 18 4 28 31 17 32 10 14 23 13 11 20 21 8 29 3 5 15 23 28 16 18 2 30 23 19 28 3 3 22 7 17 7 0 28 22 16 30 11 16 22 18 1 29 10 11 8 10 15 18 22 22 1 2 22 15 10 17 11 28 29 23 31 9 6 8 26 6 8 2 4 15 11 3 20 24 24 23 31 9 14 1 10 9 1 28 12 2 
27 6 6 28 2 10 21 30 1 10 25 15 4 21 2 10 8 14 31 24 14 9 11 4 29 21 17 5 9 27 22 14 19 30 19 24 0 20 10 26 28 10 18 15 12 8 26 14 15 27 19 18 21 10 31 16 3 31 29 25 16 5 8 23 8 29 14 3 1 31 0 29 2 6 16 9 3 21 4 24 10 9 23 27 23 10 16 20 23 9 20 24 7 11 31 20 31 32 7 21 
10 0 0 22 16 23 23 32 13 32 30 24 22 19 5 9 22 3 24 7 23 26 21 20 32 4 26 13 7 28 5 3 31 24 23 3 13 12 29 20 6 21 9 14 25 12 15 20 22 25 25 18 19 11 17 0 6 17 31 27 32 1 2 7 32 12 24 24 13 14 13 12 10 10 15 11 6 31 25 20 21 21 21 14 6 21 13 19 5 28 22 6 17 25 13 24 9 12 25 21 
20 1 10 12 19 29 27 19 0 16 29 3 14 14 24 7 26 5 5 32 2 23 16 12 21 1 12 17 22 19 24 14 15 31 8 26 21 22 31 23 21 29 11 27 27 1 16 23 1 4 10 31 4 32 1 22 14 23 24 13 30 1 20 6 26 29 19 30 3 5 17 29 31 29 6 24 17 21 17 11 0 19 1 7 9 26 1 2 16 11 32 7 21 4 22 20 31 8 11 32 
13 3 13 25 6 32 9 21 2 25 20 1 6 10 5 18 17 19 16 31 25 12 7 29 12 14 7 28 19 6 4 7 31 20 20 18 0 13 1 16 0 6 22 7 15 30 4 25 21 4 15 9 19 29 6 11 17 29 25 22 25 24 9 1 2 3 11 32 15 7 17 8 22 31 27 29 4 25 4 22 15 11 7 18 25 29 11 19 16 23 0 9 1 20 25 23 30 3 29 10 
2 8 18 29 14 12 9 18 29 0 31 4 19 18 5 25 15 1 25 18 18 11 24 15 8 13 7 20 21 20 25 9 22 3 16 13 16 3 15 10 28 19 1 2 19 11 27 18 8 29 6 11 26 19 30 19 25 12 29 7 8 26 20 9 19 7 15 29 30 0 30 22 17 7 15 13 31 17 32 30 4 24 1 31 12 13 25 14 8 23 24 31 21 5 8 4 15 23 4 11 
26 9 12 26 26 12 1 2 1 6 16 17 15 19 11 16 6 6 16 14 28 7 11 8 22 15 19 7 14 19 29 31 0 13 22 10 1 11 5 2 4 27 12 17 3 11 26 3 6 16 18 14 3 20 31 21 2 24 24 15 31 18 27 25 13 2 28 12 31 6 30 14 13 1 27 19 7 19 26 30 4 8 19 30 30 10 15 22 15 11 0 10 0 4 19 2 24 11 4 23 
23 25 1 6 32 28 6 29 15 25 11 4 23 18 11 27 21 19 15 29 13 28 26 24 28 21 17 31 21 17 25 17 26 22 30 15 28 16 32 8 26 2 3 31 17 30 23 23 1 13 5 30 11 6 23 8 8 5 21 23 23 6 11 20 6 10 19 11 30 16 28 28 23 14 15 20 3 1 26 18 7 19 13 12 21 16 14 29 10 16 21 19 11 6 14 9 9 28 24 31 
32 21 20 20 32 21 11 15 27 29 27 30 26 23 24 29 19 8 29 8 18 12 26 28 31 22 30 11 25 9 24 17 25 3 8 25 28 7 15 23 2 27 5 30 23 3 12 7 11 5 5 13 31 6 4 29 25 3 23 5 28 12 21 7 30 5 28 8 1 15 2 25 0 12 12 7 11 29 4 1 31 8 12 32 27 4 6 0 1 5 30 20 4 19 2 9 31 17 24 13 
17 17 4 0 25 12 4 29 14 1 16 4 15 27 32 5 31 6 11 20 26 28 28 5 18 8 11 0 10 4 11 7 25 7 9 26 15 0 9 22 6 7 20 8 23 14 14 21 15 4 17 4 2 14 30 23 17 16 16 22 10 6 8 4 21 8 26 19 31 20 28 26 7 30 11 7 16 32 14 21 32 17 9 0 23 15 24 25 26 5 3 20 8 6 7 3 14 1 19 27 
4 32 1 0 17 12 4 30 18 18 26 31 13 23 30 22 18 26 1 11 20 28 17 7 9 30 6 23 26 27 7 1 25 0 4 18 15 21 3 7 15 21 17 26 6 25 11 24 10 17 23 0 19 3 21 28 13 14 5 32 27 19 32 24 16 32 19 10 28 19 0 0 25 29 24 2 1 20 3 22 19 2 27 27 22 2 4 32 21 3 13 17 1 4 24 16 29 14 2 18 
31 25 10 8 28 9 25 3 7 30 14 3 30 3 19 14 11 24 7 1 29 16 9 14 9 32 2 29 15 6 12 6 11 18 3 30 3 4 2 24 9 4 7 19 24 18 12 30 13 29 27 16 29 18 10 12 28 17 4 18 18 12 15 21 2 5 3 0 23 30 7 14 8 16 32 25 12 23 22 32 3 3 17 30 10 16 6 16 16 29 27 5 15 10 13 27 18 16 25 18 
27 17 0 4 17 0 30 11 2 2 8 27 1 23 19 26 26 24 26 18 10 32 23 11 13 23 15 7 22 10 3 21 16 1 11 10 30 16 30 0 31 14 28 7 9 27 27 25 27 1 3 25 26 15 29 27 15 16 1 27 20 4 28 11 21 27 11 31 22 18 15 16 4 29 17 12 9 11 29 14 26 15 8 30 30 28 7 13 21 29 25 6 2 7 13 26 6 20 6 20 
14 17 22 17 16 26 13 4 29 31 29 14 1 9 19 11 32 12 8 27 29 14 11 11 2 22 25 6 28 10 10 13 6 17 14 31 32 27 26 25 12 4 23 14 24 3 19 26 23 2 1 29 0 29 20 29 3 10 21 22 11 5 8 28 13 17 6 19 11 29 6 7 12 3 29 5 2 26 28 24 10 24 15 15 22 10 22 32 1 27 11 17 7 23 24 5 30 7 1 8 
7 7 5 27 0 30 19 12 1 17 6 0 8 32 30 13 20 2 23 9 5 19 30 31 31 22 19 31 32 2 27 28 8 9 17 16 23 12 20 25 19 24 16 1 18 7 18 20 9 26 1 30 4 26 31 8 31 7 27 14 9 12 32 11 29 28 5 24 13 1 15 7 17 4 30 27 18 18 5 1 6 14 7 22 2 15 27 24 16 21 22 11 28 6 19 20 18 0 7 16 
12 10 8 18 22 23 22 28 1 31 4 20 21 4 29 25 14 10 15 25 26 21 13 30 7 10 13 23 18 1 30 10 10 11 26 19 20 25 7 5 4 4 19 12 30 11 29 32 5 30 16 24 32 2 18 32 6 12 27 19 2 19 21 7 11 1 19 9 31 27 2 8 16 20 7 10 5 29 6 21 17 19 6 1 1 6 23 27 3 25 31 10 9 19 31 26 31 4 21 16 
5 25 31 8 2 22 15 18 16 26 30 20 9 14 17 4 30 14 23 10 20 22 16 31 4 5 20 5 2 4 26 7 19 24 24 25 8 11 11 3 27 11 12 7 17 10 2 15 14 20 17 27 27 1 28 21 20 25 13 31 0 9 15 15 18 2 16 31 27 17 20 4 3 5 32 14 26 31 1 18 10 24 7 10 9 20 1 17 17 6 14 11 17 21 22 7 7 16 13 16 
2 26 19 26 2 4 12 20 1 24 12 30 6 5 2 5 28 29 25 23 21 14 27 1 24 3 7 18 21 0 25 19 17 19 10 9 13 14 10 26 18 30 21 6 21 15 17 12 29 6 12 15 20 26 32 8 6 8 15 18 29 26 5 0 7 4 15 25 25 15 23 15 4 18 1 29 3 19 6 16 3 19 28 31 31 29 10 26 27 15 14 10 28 14 5 0 20 10 13 18 
21 32 20 21 29 12 14 22 30 21 23 16 19 32 29 16 4 18 17 31 1 31 27 0 10 23 21 12 17 31 2 28 15 32 9 29 13 31 13 7 13 3 2 0 29 31 26 12 18 30 14 17 18 22 2 25 1 24 18 15 6 18 4 2 16 25 3 10 20 22 2 7 22 23 9 3 32 31 17 29 15 14 32 29 17 12 2 28 19 29 1 5 7 15 29 14 0 30 18 17 
