10
2858 3653 1544 3030 1916 1936 2029 1780 2619 3271 
3138 4021 2335 3274 2008 2120 2605 2522 3028 3735 
1436 1955 1288 1350 1042 918 1111 1203 1146 1460 
2340 4339 3035 3032 2325 2027 2662 3295 2591 3673 
2236 3330 2441 2295 1938 1321 2189 2533 1883 2455 
2290 3717 2181 2541 1940 1821 1415 1973 2114 2854 
3694 5364 3151 4188 2661 2629 2879 3149 3530 4414 
2610 3101 1908 2122 1006 1706 1875 2034 2249 2419 
2644 4405 2800 2954 2422 1973 3007 3223 2631 3433 
3263 4045 2158 2745 2615 1874 2639 2373 1890 2537 
