100
25005 25770 22850 24277 24384 26288 24423 23193 22273 26007 23430 23840 25634 23959 27659 27042 24954 23638 27119 24545 24777 22278 26114 24664 27170 26139 28566 24595 27662 23955 26913 26873 24183 26939 23836 27124 26143 22918 23564 22792 23555 23032 21043 23958 26408 22910 27792 24300 23540 26969 20989 25953 25297 25751 27723 24440 23721 26819 27030 23546 23886 23372 26202 26802 25154 23572 23755 23973 24396 22957 23708 23978 26012 24105 28289 25660 25333 26968 27678 24821 22100 24857 22983 26275 27255 22431 25972 27635 23418 27454 23811 24751 23167 25362 24923 24369 26311 26057 24412 24557 
25251 27607 25089 25305 25328 29740 29001 25909 23725 29672 25037 23839 27871 25178 31111 29815 26416 24264 27498 28291 27513 24849 24279 26322 28243 29167 29528 25962 30932 25845 29816 27593 25614 32085 25584 27179 30921 23900 27000 25569 28001 23846 26084 25811 28017 24260 31063 27001 24282 28807 24639 30283 26820 29606 28547 28592 24996 27880 26126 27776 24244 24170 26360 26077 27374 24315 22801 25260 25711 24938 25506 23962 28253 28382 28772 28486 29088 26010 27479 27333 22624 26613 24439 27812 27673 26616 26929 29669 27930 31056 25976 25181 24306 28311 26737 26962 27677 27008 26375 26724 
26722 26502 24700 27297 24286 27465 27646 25834 23699 27953 24138 25271 24554 25397 29385 27197 27888 23622 27732 26188 26313 24500 26684 25601 28670 27712 29252 25104 29030 24876 28637 26208 25407 28578 25328 26077 29355 24515 27217 25576 26303 25524 23824 25721 27475 24883 28243 25660 23742 26580 25075 31172 25332 26497 30885 26636 24613 27130 27032 25309 23587 24018 25993 26924 27295 22733 24373 26550 24724 26183 25360 22838 25226 27125 27571 26258 24844 27554 27468 25187 24565 26822 23995 29047 30207 24593 28405 30179 27806 29929 27239 25654 23529 27598 26372 27670 28082 26564 26001 26491 
24855 27048 25855 27030 23496 27574 28786 26411 23562 27184 25734 26124 25143 25062 29432 27037 24065 24248 28027 25382 25306 25138 25323 24969 29436 26407 28063 24448 28569 25794 28734 27065 25233 28351 26217 26658 30186 24729 25297 26844 28883 26407 24205 28325 27294 26007 29406 23863 23453 29324 23954 27694 25883 26224 30127 26586 24362 27056 28327 28345 25535 24975 26691 26983 25579 24069 23240 25820 25393 23859 24521 24565 26659 26591 28510 26084 25350 26540 27257 24480 22804 25050 22633 28203 27854 24074 26725 29720 26172 28749 24975 26846 25304 26697 26884 25911 28282 27339 25476 25382 
24500 24045 23659 26228 24826 26607 26160 24721 23001 24734 24301 23138 24400 25374 27427 25629 23994 21917 27855 24491 23699 23906 24325 25277 27229 27266 28485 23562 25979 22883 26408 24628 24487 25549 23236 24343 28019 24553 23523 24369 24294 22527 22012 25373 25838 23100 26618 23963 22164 24910 21713 27175 26767 23578 28890 24800 23039 26557 26338 26860 23155 22953 22662 24795 25896 22941 22175 24166 24293 23892 22428 22079 24008 25802 25897 23406 23609 26231 22717 24235 22418 24589 23234 26161 25441 21908 25925 27882 24488 27784 24128 23759 22016 24779 25738 26279 27582 23751 25327 24699 
25761 27919 27463 26814 26456 26837 28637 26379 24240 28285 23935 26449 26566 25394 29633 28727 26903 25921 28436 25626 27203 24238 26449 25953 29753 27872 28447 26013 32331 24982 29015 26573 25513 28030 25494 28470 31776 23250 29445 25681 26933 25600 23702 28402 27064 25570 29879 24422 25412 28963 23009 27544 27394 27596 29924 26432 26726 28463 27776 27381 26004 27085 27000 30155 27560 24747 23931 27457 25260 25054 25136 25522 27227 28065 29478 27366 26644 27427 27075 26554 24136 25166 26047 29541 29285 26876 28076 31174 28173 32795 28226 25829 26676 27102 26637 26516 27532 28654 27145 27782 
26335 27057 25090 27039 25452 28094 27664 26010 23889 30355 25439 26369 26267 26607 30313 28434 26495 23859 27719 27723 25550 25357 25872 26608 29170 28061 29346 23404 29087 25027 29073 25895 26252 29761 26365 28206 29266 23441 27226 26641 27456 23174 24978 26538 25998 24400 28905 26535 24005 28607 23928 29349 26122 24124 31301 26785 24079 28752 27696 26655 23847 24333 25763 28549 26556 24508 24761 27106 24991 26151 24654 24310 25393 26096 27919 24086 24775 27831 26940 27281 24378 26265 23711 27676 27573 24865 26597 31090 26241 30937 26735 26262 26648 28006 25493 26811 27267 28292 26790 27041 
24531 24527 24931 26057 23868 25512 25271 24604 23323 25889 24267 24333 23589 23481 27007 25944 24034 23441 26057 25591 23025 23684 24377 23241 27890 26055 27529 24315 26657 24713 25695 25882 24296 27327 24087 25313 26428 22209 24293 23892 25277 24153 22835 25645 26071 24463 26646 23950 23257 25197 21648 25514 25931 24128 29186 24732 22203 26627 25574 26482 23518 23816 25264 26978 26666 24230 21512 26194 22421 22616 23542 22738 23608 25767 27883 24230 25503 25883 25211 26623 23050 25164 23358 26759 27462 24091 23641 29063 24853 28033 24616 23647 24864 26256 25890 24503 25818 25690 24851 25884 
23076 23598 21523 24317 23454 23678 25023 23328 21760 23951 21355 23763 22861 23768 25305 24127 23323 21060 25406 25126 22377 22686 23547 24435 28250 23910 25440 22762 26036 21969 25650 21968 22522 25320 23419 24006 28081 21888 24163 24026 22009 21250 21132 25372 23547 22908 25386 22906 21474 24459 20745 25299 24190 23325 28967 23467 22560 25362 25501 22386 23093 21642 22693 24120 25156 21307 21797 24196 23147 24095 22224 22428 22856 23631 25098 23339 24871 24195 24093 20469 23226 25127 20413 24906 24082 23081 26156 26321 23406 26551 24010 22377 23052 25040 24953 24474 24965 26730 25454 25229 
24572 24833 24554 26882 23355 27730 25777 24325 23005 28565 24933 25878 23638 23611 28800 26713 25298 22905 27003 26097 24437 24425 25457 24009 26424 27557 27635 25134 28310 25123 27937 26195 25268 27988 24182 27679 27073 24235 25122 23712 26048 25967 25611 24732 25194 24684 27413 23490 23152 27068 23555 26620 25644 25069 30891 24936 23201 28030 27005 25521 25224 24143 26615 27453 25575 25297 22633 26357 24771 23847 24661 22728 27209 26348 27618 23930 24136 25736 26313 27395 23483 25524 23279 28631 28709 23737 25398 28903 25210 27812 26166 25444 24645 25326 26441 26038 26643 24810 25167 26288 
22215 23871 24159 23848 21284 24738 23980 21741 22698 24695 23327 22115 21650 21538 25578 23382 22007 20803 25238 23776 21939 22806 22098 20780 25024 21909 25066 21023 24985 21037 24672 23415 22976 24899 22294 24485 24789 20822 23128 22706 22016 22429 18536 23918 22881 20410 22323 21520 20594 25281 19639 23794 22364 22061 27260 22922 22095 24025 24770 23453 21222 22377 23330 23478 22397 21598 19961 24012 21391 21318 20347 21504 22679 20709 25031 22583 24087 22522 24165 21832 20437 21629 20999 24569 24350 21191 23732 24984 21008 27142 23821 22163 23250 21822 23888 22653 22868 24385 21436 21732 
24247 24406 24115 24045 24773 25319 24894 23537 21399 26261 23105 23879 25424 23993 26885 26092 24709 21378 26329 23962 23377 22928 23031 23910 26487 27007 27461 22778 26719 22685 27379 24740 22754 26775 23663 25405 27006 23369 25186 23881 24148 22125 22821 24696 24534 22995 26299 22572 22450 26233 22222 26543 25739 23858 28793 23213 22241 25691 26640 25287 22842 21579 23464 25267 26321 23528 21423 23158 23054 23564 22295 21813 24176 22747 25058 24170 25093 24924 23920 23570 21763 25267 22476 25665 25824 23232 24880 27686 22651 27698 25070 23824 21542 24027 25609 25040 26575 24640 25514 23166 
25748 26039 24356 25964 25066 28005 27110 26132 23273 29772 24578 25760 26198 24279 28949 26775 27274 22903 28926 24284 23867 24052 25729 25596 28343 26114 28891 24601 30184 25048 29998 26302 26849 28905 24807 28581 27531 23044 25394 26092 24423 25517 24117 25561 28371 25010 29455 25352 22714 29359 24980 27499 27249 25707 30664 24361 24634 28189 29685 25892 23377 24659 27417 26955 27794 22433 24314 25196 24122 23228 24794 23535 26366 25458 28639 26756 25791 25768 25685 27141 23469 25747 25274 26629 28762 24946 28330 30217 26287 28714 28296 25892 24561 27285 27261 26714 27125 26706 26846 26690 
24848 24562 22951 25721 23182 26551 25866 24086 22525 28220 22822 22569 24136 23573 27806 25813 23699 21920 27353 25429 23746 21011 22153 23902 25187 25144 27379 22022 28725 22528 26406 24570 23201 27666 22540 26527 26513 22164 25378 23688 23859 23535 22281 24428 25143 21242 27145 23760 22091 26589 21456 24848 25406 26637 27758 24771 21218 25319 25240 23564 24148 23463 23517 24934 23873 21695 21812 23138 23964 23750 22669 22095 24892 25063 25759 23524 24121 24155 24062 24074 22312 23599 23922 26775 26152 23945 26269 26293 25291 27283 24315 22967 21834 25005 23783 23962 23461 24612 23385 24889 
22266 23130 23480 22890 23408 25763 26059 23423 20504 26747 22829 22677 24023 23655 27590 25122 23211 20954 26742 24162 21774 23105 21791 23847 25645 23155 25920 22179 25734 24022 26273 23279 23076 26684 23383 23254 26746 22134 24856 24063 25409 23398 22494 25205 23906 22851 26422 24773 23131 26296 21523 25707 24158 22683 27973 24151 23307 26725 24589 25263 21944 22956 23535 23864 25999 23021 20543 24283 24453 22937 22672 22720 25619 24208 25708 22676 24530 23741 23574 23422 22032 24316 19972 25049 25173 23925 25420 26651 23501 27421 22586 22734 23431 25241 23670 25772 24694 23911 23778 24377 
25750 24855 25132 25403 24241 26912 27119 25245 22987 27559 24821 23259 25577 25708 27767 25758 25447 23107 25835 26446 22947 25494 24232 23448 27265 27360 27164 24132 27904 26501 25991 24973 24572 28896 24432 25925 26313 25232 25662 24267 24642 23217 22025 26515 25773 24712 27257 23621 22790 26054 23631 26888 26414 25737 30248 25894 22645 28890 26896 25736 24165 24471 26451 26395 26826 24937 22952 25952 24703 24605 23610 22958 26824 25781 28221 23782 25555 25333 25948 26504 22744 25516 22919 28714 28009 24353 25432 29344 24618 28963 23985 24429 23309 23194 26125 26469 26789 25582 24286 26258 
23514 25152 25112 24872 22593 28416 26743 24847 23454 28298 22405 23107 25400 25015 29344 27671 24465 23390 26774 25361 23711 24475 26241 25271 26922 28109 29283 23635 27435 25261 28393 25806 24959 28112 24104 26209 28709 24173 26594 24070 25172 23475 22761 25921 26406 21914 27623 25920 23293 27692 22373 29437 25767 26132 29859 26269 24350 27570 26252 25625 23500 23465 25660 26379 26119 23870 22399 24784 24400 23739 22915 22217 29193 23928 26547 25569 25668 24288 27302 24186 22135 24994 22377 25845 26533 23244 27492 28647 25166 28711 26153 24967 24157 25424 26015 25631 26334 26266 25330 25430 
24233 24506 21589 24311 21725 24384 24483 23848 22707 25561 21954 20903 24662 23587 27998 24776 22626 22065 23224 23516 21475 22812 24179 20735 25505 24861 24415 23758 28314 24026 23546 23879 22452 26341 23225 24908 27104 22003 23951 21462 24503 21520 21534 22824 23647 20391 26331 24958 21466 25723 22105 25676 23197 24627 27505 24148 21788 25894 24797 23463 23396 23632 24641 24553 23571 20653 20879 24299 23143 20364 22674 21486 25373 24965 24176 23181 22943 23743 24675 24121 20808 22529 22453 25746 27050 24475 26272 26687 24351 27323 23685 21350 22999 22864 21613 23910 24630 21380 21446 24543 
23284 24375 24919 24530 24776 25420 25215 25325 23841 27174 23678 25194 25124 24355 26166 23983 24642 21764 26284 25233 23344 24310 23734 22506 27729 26028 26668 22129 27563 25541 26224 25255 24875 26570 23349 25222 27493 23401 24184 24049 24865 23103 21480 26547 26478 25679 26222 23533 23241 25332 21869 24514 25495 24027 29670 25051 24711 27850 26447 26076 24664 22778 24639 24577 26741 22300 22099 24245 23953 22723 21613 23479 25759 24465 27135 23874 24986 24140 25296 26135 24283 24541 23365 26723 26293 24263 25206 27791 23306 28060 24526 24071 23011 24763 26078 24869 26701 25659 24188 25517 
24459 25083 23160 22911 21687 26100 25542 24555 21107 25672 22175 23649 24561 22838 28785 27250 24356 23489 23731 25811 23637 23607 24123 22506 27705 25901 26428 23016 26905 24409 26476 24321 22995 27072 23375 23825 26962 21815 24975 22186 25936 23196 22481 25534 23459 23674 27712 21757 22013 26819 23917 27790 24589 23587 27995 25266 22721 26407 26449 24951 23322 22560 26755 25337 25186 21976 22256 24757 23264 22157 23873 20537 26817 25410 26366 23696 25495 23798 25739 24568 21432 24071 21045 26513 27579 23688 26092 27405 25807 28194 24729 24149 22350 24066 23726 24815 25894 25958 23163 24568 
26650 24600 23298 25687 23950 25898 27327 25688 24119 26178 22076 25180 25034 25326 28873 25152 24649 23383 26208 27473 23991 25844 25364 23536 29176 27991 27654 23642 27563 25990 26911 26443 23050 27301 24306 26482 29157 24789 25430 24799 25615 25376 23669 25435 25388 24858 28179 24762 22263 26694 23632 27083 24556 25878 30174 26200 23330 27737 27649 24378 24660 23976 25647 26837 24790 23924 23390 26465 24592 24617 23679 23036 26628 25231 27130 24080 25221 26689 27806 24494 23854 26505 20999 28184 27305 23716 27327 28774 25911 29361 25998 25447 23869 24891 24797 26577 26478 25781 26034 26786 
23554 24685 23647 23004 23820 26392 24967 23451 21994 27084 23728 23940 23916 22831 27790 26545 23144 22616 25603 23839 25438 24123 24824 23686 26593 25927 26616 23443 26030 24507 24939 24720 24116 27151 24153 26336 25679 22670 25117 23311 24778 22173 20925 25136 25269 23762 26231 24205 22689 25095 22328 26131 25871 23392 28633 24462 22294 27470 26402 25279 23631 22502 24344 24640 24912 22016 22290 24248 24517 23427 22875 22717 25950 24601 26752 23338 24532 25986 26145 25257 22239 24360 22605 26098 26523 22719 24385 28612 23300 27837 23625 24065 21812 24393 25131 23632 25868 25446 25171 25144 
24413 25333 25179 26996 24777 26434 26606 24863 21581 28748 25284 24159 25630 24680 27618 25044 25202 22488 24615 25040 24571 23877 24891 24392 28148 26497 28125 23981 28086 23896 27158 24704 22394 27754 24676 25316 28917 24076 25531 26058 24645 23072 24447 25393 26289 23696 27428 24511 22700 25726 24182 27663 26379 26748 30221 26375 22985 26878 27975 25294 24681 23496 24503 25019 26656 22518 21139 25333 23931 24788 25252 22406 25600 24155 27074 25665 24817 27396 25691 24701 23082 26664 23068 27225 27132 23298 25677 28829 23964 29177 24825 23884 24667 25172 24545 25862 27586 26048 24727 25959 
25984 26176 25137 25964 24374 28064 26357 24882 22234 27986 23677 25104 25777 26076 27868 25088 25088 23510 28036 27320 23294 23468 23995 25152 27600 26221 27259 24009 27736 24967 27007 27358 23722 27921 24069 26446 28620 25184 25024 24941 25236 24033 23557 26181 24590 23835 27948 24948 23771 26752 22490 27116 24922 25339 28149 25506 21647 27587 27926 26062 25102 23058 25472 25467 24917 25441 21823 25765 24562 25987 22624 23822 26249 25485 25765 25202 25457 26551 24346 24446 23881 25781 22793 26770 26819 24220 26641 29661 24479 28542 23555 23554 25725 25580 26277 28085 28312 25147 24477 24299 
26298 26999 26245 27294 25789 28558 28043 24411 24597 28725 25744 23014 25817 26243 28904 27910 26382 24158 26751 25501 26613 25201 25430 26123 28674 28945 29831 24729 29873 24869 27724 27257 24296 28813 26822 27324 30117 24452 28058 25538 26567 24079 24695 28741 27385 23759 29697 25532 23549 26075 24045 29279 26379 27233 30034 27805 23498 28105 28273 25947 24441 23397 27540 26482 28235 24503 22754 26552 24957 24484 26169 23672 27028 27016 28733 26638 25891 26991 27817 26269 23652 26538 24839 28512 27486 26332 26930 29222 26846 31695 26220 24927 24662 25673 26922 25646 28206 28338 25491 26638 
25100 24031 23509 23960 21929 24795 24878 22610 21833 26426 22940 23912 23156 25257 28296 25297 23641 22794 25407 25234 22904 23047 24296 23847 26094 24597 26864 23391 25876 23457 27685 25253 23249 26680 23678 24556 26501 21280 23503 23267 24863 23894 22700 23019 25111 23962 26258 24171 23641 27477 21538 27553 23309 25548 28710 25689 23201 27280 24902 23955 23020 23524 26160 26420 25372 23322 22306 25274 23017 23730 23531 21638 24789 24997 26884 22585 25664 24715 25054 23524 22858 25479 21063 27816 26545 22513 25358 27958 23741 27446 23153 22923 24224 25173 24149 25547 24095 25674 22734 24193 
24657 24925 26074 26601 24167 28806 27956 25294 23396 30987 24086 23862 27542 25465 29242 26285 26520 24262 27093 26787 27228 25078 25543 25931 26982 28209 28137 25902 29770 25837 29193 27220 25222 30337 23449 28471 29608 23682 25074 25336 26724 23940 24113 26529 26980 24097 27905 24980 24748 27760 24223 29018 26907 25740 29168 25891 23708 28117 26508 27594 26512 24541 26553 27704 25746 23906 23239 26032 25638 25398 22419 24343 26968 27125 29385 25091 25969 26518 26379 26202 23534 25998 24216 28410 26937 24774 26171 30088 26308 29565 25725 25326 25572 27029 26313 26838 28603 25169 25131 26072 
28126 28743 26763 29080 26639 29394 29675 27982 24620 30188 26603 27104 26445 25381 32045 28615 28356 26218 28936 27507 25847 27101 27136 26700 29624 29313 30979 24843 29343 27843 28947 28255 25531 31805 26787 29147 29924 27040 27564 26936 28122 26826 25932 29078 28875 27854 30448 26993 25266 30871 27071 28526 27486 27907 31382 26613 24268 29175 30362 28610 24973 25967 28132 27828 27137 26372 24622 27850 26960 26825 26196 25784 30383 27069 30543 26432 27678 28377 28589 27374 25773 27571 24607 29256 28505 24060 30175 31659 27260 31998 27705 26225 27165 26643 28360 27822 28326 29424 27196 26202 
27008 26625 24060 27643 25962 28930 28018 26049 25912 27469 25410 25706 27249 26420 29176 28771 24347 23618 30363 27328 25471 23956 25625 26055 27683 28193 30657 25271 30387 26879 28313 26691 26427 29275 25796 28540 30278 23602 25746 25459 26558 24900 25056 26404 27224 23805 28867 27025 24444 28463 23428 28244 26451 28407 30351 27454 24377 27896 28688 25871 26621 26182 26910 28368 25603 25946 24853 26770 26865 25255 24552 23861 28530 26563 28656 25558 27546 25363 27376 26865 22708 26113 24201 29046 29943 26145 28972 29695 24814 30686 26689 25798 23838 27261 26782 27735 26622 27934 25192 27362 
27982 27946 29076 29615 27101 30085 28525 27593 25223 31551 27152 27357 27861 27968 32036 29313 29011 24345 29674 27764 25585 27557 26517 27633 30335 30421 31261 25851 29547 28344 30105 27066 26493 32611 28184 28313 32212 26088 28440 27115 30015 26132 27021 27702 28874 26757 30430 25896 25840 30309 25924 31065 28299 28331 32182 27731 26120 30467 28725 28527 26839 26862 28999 28240 29701 26577 24130 29459 25687 27296 26332 26068 29799 27676 29967 28315 27476 29113 28824 27920 27272 27914 25813 31378 29189 26649 30161 31594 28105 33242 27420 25442 28256 29939 29126 29808 29182 28726 27465 27615 
23571 25952 25549 26238 22758 26806 27304 25895 22055 27018 25039 24480 22673 22892 28081 27850 25719 23027 26869 27201 24614 24307 25137 24829 27046 25663 27053 23603 29393 23826 25796 25793 26874 27498 24059 27219 28345 23395 25930 25112 25911 24286 23836 24908 24882 23249 27571 26132 23483 27646 22460 27169 24897 27044 30126 27849 23266 27107 28004 25851 23134 25189 25307 26038 25465 24827 22859 26485 25143 24118 25401 23210 25099 25969 27313 26067 26258 25926 24803 25397 21547 23427 23034 26562 28391 24425 25540 28699 25717 28715 24984 23872 23297 23702 27009 25573 26256 24738 23778 24920 
26541 26091 23769 27795 24632 27861 27826 25477 25387 27301 24194 25122 26879 25653 28962 27298 25206 24093 29509 27317 24837 25473 25480 25389 29293 29058 29342 26573 29493 27135 28259 27761 25446 30469 25468 27872 28748 24060 25124 26625 24942 24034 24516 25275 27666 25602 28109 25974 23946 28425 24665 28697 26556 26578 30513 23534 24797 27993 28500 26405 25531 26183 26887 26122 26609 24515 24631 25409 26428 24425 23001 23307 27515 25780 30286 25095 26111 25723 27650 26446 24086 26693 24781 28613 28853 25046 28986 29380 26248 30470 25867 25845 23742 25944 27208 27651 27654 26563 26081 26789 
25002 25261 24093 24435 22645 24655 25877 23957 21459 26975 23142 23817 24966 25668 27906 25510 22786 23711 25268 25971 25256 25009 23485 23132 27805 27153 26817 21920 26555 24386 25878 25259 24265 28687 23313 26003 25554 22860 25584 23377 23776 23448 22605 25283 24308 23365 27443 25339 23895 26130 22186 25650 25326 26576 27932 25879 20826 27312 25886 26276 24901 22844 24211 26604 24098 24497 21505 25145 23694 24019 22172 23061 25235 26067 27559 23727 23915 27298 24753 26867 23510 22444 23931 27402 27094 24706 24168 28564 25595 28045 23185 22343 21392 24669 26282 25877 26255 25806 25396 25538 
22804 24319 22323 25013 23264 26780 24963 23942 20845 26726 23304 21849 23884 22896 26316 25052 24603 21676 25853 23719 23639 23181 23467 23697 26210 24861 25495 23713 27353 23409 26657 24365 23984 27373 22571 25614 25274 22666 23949 24663 23288 21955 20393 24774 23912 22487 25573 23583 20784 26816 22318 26826 23550 24156 27058 23647 22119 25467 25106 25026 22101 24131 23828 26056 23720 22221 21457 23943 23388 23831 22039 21275 24676 24512 25210 23719 23930 23234 23325 24451 20099 23389 22670 25513 25575 22416 25030 28856 23475 28598 24591 23018 24181 21810 24515 24446 24982 23728 23350 22768 
22616 23982 22160 24092 21932 24235 24055 25211 22013 25021 21282 21067 23497 24459 27978 23932 22726 21396 24905 24060 23481 22116 21360 23304 26443 24120 25210 21788 26666 24120 27069 21931 23003 27231 23070 24395 25604 20737 23850 23072 25120 22193 21163 26056 22983 25200 25110 23781 22731 25211 21305 23348 23384 22159 28264 24687 22060 26105 24353 24189 22616 23840 23240 25968 23513 22308 22482 22891 25037 21840 22705 21616 24781 24698 26133 22150 24806 23834 23877 24683 21723 22599 22045 25499 25294 24340 24482 27705 24732 26639 23808 22231 21451 23542 23354 23297 23710 25363 24366 24593 
26057 28273 25306 27115 25473 26126 27837 25789 24688 27498 24341 25807 27139 24541 28669 27878 23841 24668 27524 26660 24617 24097 24814 25326 27456 28008 27998 25763 29162 25709 27028 25620 25000 28837 25532 25996 27898 24882 25200 26134 25442 21963 24047 24681 27413 26683 28221 25797 23667 29360 24571 27767 27178 25893 30338 25422 24045 28132 27403 26203 23841 26117 26159 27229 25280 22648 22518 25567 26104 25528 23516 21911 25806 26984 27246 26290 27587 26324 26343 25180 21767 26629 24988 27480 27144 24686 26752 29476 25547 30571 25515 24959 24673 26006 26020 26425 26880 28104 27240 25167 
25649 25450 25703 26306 24114 27752 28380 25860 23821 28885 25221 23441 26194 24694 29102 26079 24961 23878 26622 26345 24655 26505 25041 23318 27326 27179 27725 24975 30100 25709 26276 25424 24689 27717 26110 26226 28926 22829 27364 25860 26753 23353 24611 26551 27097 24238 27702 27374 23130 28227 23887 27657 25603 26862 31292 26687 24317 29192 27301 26449 25180 25297 25204 26538 26251 25952 23627 26702 26460 24403 24123 23867 27879 26032 27248 24693 26448 27253 25725 26077 24052 26760 23515 28359 28501 24733 27437 28070 25839 31219 25618 24215 23830 25392 24911 28914 28182 26242 24613 26194 
22318 23317 22487 23501 23207 24960 23883 23759 20108 24706 22482 21958 24160 22583 28231 24342 22516 21191 24449 24300 22813 23067 22679 22069 25290 24879 26462 21921 24446 23142 25223 23539 22841 26183 22727 25036 26196 22875 22089 22290 22782 22623 22921 23039 24252 22261 25378 22849 22025 24255 22848 25987 23092 23225 25983 23355 22135 25451 23657 23429 22137 22790 22508 24492 23209 22982 21678 23438 23550 22869 21860 19365 25770 23361 23805 23550 24548 23819 23588 22272 21285 22833 22893 25518 24854 21214 25160 26630 23382 28136 24168 22272 22562 22850 24360 24864 24268 22217 24400 24232 
22289 23616 23176 24371 21161 25374 25673 23850 19892 27723 21868 22311 24355 22307 27754 24127 23697 22294 25300 22462 24036 21487 21918 24149 25250 24277 24987 23434 26984 23573 25202 21812 23651 26997 22770 24985 26477 21844 25065 23798 24238 22375 21674 23828 24881 23036 27602 24270 21890 26514 23111 25600 25043 25656 27111 24605 23463 26532 24575 24861 23488 22199 23227 24218 23718 22072 21117 23847 23323 23625 21282 21402 25103 24207 26760 23239 22176 25112 24605 25478 19848 22012 21316 26910 25152 23331 25263 28641 24242 29449 25353 22715 22716 24236 24026 24049 24551 24313 25100 24391 
23338 23494 20365 24546 21053 23681 22938 21427 20446 25464 22231 23065 21718 21734 25772 24710 22829 22463 24706 22510 21765 19764 23340 23254 25512 25128 25794 21721 25951 20942 24898 21230 23195 25127 22092 24430 24888 19415 22315 21653 21833 21391 20204 25084 22026 21523 26768 22174 20402 25822 21405 24778 24811 23626 26626 21942 21050 24343 24136 23103 22456 21994 22790 24666 23886 20599 20852 23343 21872 21537 23216 21529 23293 22939 26781 22942 22100 22169 22844 23498 20732 21390 20861 25890 24956 22730 25419 26938 23089 26164 23635 21163 20589 23972 24078 22988 22429 26393 23478 23032 
25350 24897 24770 25862 24659 27155 27305 25301 23502 27016 25246 24987 27137 26340 28112 27315 25245 23137 27806 26190 26033 24770 23312 24536 28703 26423 28845 23835 28801 25813 29132 26441 26176 28919 24570 25634 27340 22363 23922 25952 25224 23423 22274 25551 26322 25386 28115 23950 22718 30065 23956 27398 25383 24391 28718 26668 23037 26927 27539 27113 24699 25811 25915 27493 26031 23197 23980 24287 25069 25181 23333 23377 24534 25522 27589 23556 27033 25627 26168 26568 22548 25215 24840 27320 26492 22433 26332 28731 25181 28644 24496 25863 22796 24584 26082 24795 26615 26459 24248 24219 
27191 28528 26346 28164 27653 28913 28046 25534 24292 28231 25536 25723 28004 27193 29892 27521 27434 26385 29166 28217 25837 26039 26910 26722 29692 27750 28783 27057 29888 26716 30518 27786 25991 30374 26892 28684 31269 24060 28341 28039 27282 25809 26002 27542 27596 25063 31639 27287 25127 28069 24653 29541 27248 29079 30753 26856 25656 29752 28976 26757 25662 23638 27400 29348 29012 28321 26060 27129 25705 26215 26040 26108 28036 29099 30493 27477 25967 29553 29069 26760 22965 27337 25176 29351 29124 26658 28293 31200 27757 32546 28467 27215 28221 26784 27018 30128 28751 28511 28314 28032 
23247 24979 24861 26230 24522 27620 26592 24059 21900 28442 20980 23903 25517 23727 28666 26924 24578 22512 26960 25745 22884 24349 25248 23970 28975 25105 26859 24617 27773 24518 26218 26122 23943 28394 24587 25112 28488 22941 25157 25486 27836 24450 22755 26005 26983 24614 27053 23609 23528 27284 23124 27379 25376 25595 28759 24780 23277 26147 28328 24193 24383 23515 25978 24076 25987 24129 22992 25470 25079 23200 24411 22286 26731 25225 26217 25223 26047 26492 25836 24924 20835 24676 21387 27744 27490 23527 26122 27714 24645 29164 24983 23751 25570 26311 24788 26497 26291 25262 24626 25791 
27607 26599 25212 26874 25333 27151 27319 25404 24958 29462 24501 24930 26731 26942 32314 27926 25685 23942 26167 25981 24189 25057 25505 25544 28067 28460 27292 25211 29384 27098 28004 24633 25191 29558 25270 27965 29918 24954 26177 26226 25897 23837 24876 26441 26276 23960 29841 25184 24091 28851 26342 29316 26904 26528 30101 26831 23973 28011 27841 25940 25038 25262 26776 27523 26408 24410 23639 25875 25605 25580 24033 23123 26831 26254 27715 25274 25546 25369 26277 27352 23133 25629 24632 28928 30321 26239 28615 29961 27507 30455 27129 24444 24224 25936 27154 26850 27964 26636 26828 25849 
21830 22707 21097 23168 19936 20716 23753 20146 17462 24957 19873 20761 21916 20549 25158 23105 21735 20667 22250 22137 21454 19896 23470 20647 23436 24045 23473 20504 24620 20881 24343 22299 19388 24511 21653 23125 24085 19684 22505 20346 23529 20351 20265 21784 22793 21241 24868 22398 20707 24058 19632 24414 21861 22968 24630 21165 20093 23300 23601 20933 21122 21372 21226 22272 21175 20362 19795 20935 23331 20304 20942 20260 22451 20613 24345 22315 21498 23389 21271 22705 19387 21463 19819 24823 24391 20930 23355 23875 22613 25346 23278 19274 20333 21754 21265 22599 23114 23808 21318 21458 
23566 22716 21446 22033 21659 24506 23459 23175 18766 24591 19212 20767 23682 22569 26673 23956 23276 22541 24361 23554 22853 22082 22726 22340 25470 24408 25257 23165 23879 22570 26216 23555 21727 25998 23660 24239 25895 20684 23514 21812 23343 21400 21456 23664 24272 22702 26830 23025 21676 25451 21226 25961 22948 22877 25782 22836 21347 23411 23634 23546 22491 21231 23455 24421 23653 21110 21036 20858 21944 23091 21607 20751 23936 24138 23843 23652 23291 23941 24180 21109 20277 23260 21707 25282 25037 22781 25671 27137 24632 26253 24245 22103 21112 22452 23927 23463 23923 23855 24208 24026 
26384 27193 26896 27132 26866 29457 28392 24249 24693 30998 24417 26857 27901 25510 29524 29254 27109 25278 29422 26752 27010 26236 26161 26905 29214 28803 29922 26341 30145 24749 28574 27925 27567 29403 25901 29422 29462 24177 27466 25450 26367 23999 24591 27753 26894 26302 29819 25057 25388 30298 24547 28319 28439 26803 30769 26806 24454 29386 29664 27213 26895 25396 27294 28696 27577 25822 25114 27680 26362 25713 26518 24029 27640 26918 29753 25146 27114 27735 28339 28505 23555 26640 25353 30039 29643 25974 28540 30225 26763 32121 28666 26272 23916 27697 26370 27870 26541 28398 28177 27031 
25014 22872 24521 25039 23842 26170 25175 23050 21515 26305 24365 22285 24867 24097 26484 25635 22601 20960 26580 25344 23218 22403 23463 24331 27026 25996 27658 23633 27514 24277 25311 25224 24509 26442 22762 23856 26357 21584 24897 22105 24469 22023 20912 24162 25305 23141 26904 21743 21456 25865 21753 27256 24380 25285 28312 24119 22117 26780 26775 25477 23818 22121 24066 27148 26296 23259 22112 23558 23994 22570 23820 21543 25698 26146 26000 25301 24504 24765 25130 23636 22232 23398 23503 26778 26485 22432 24801 26975 23949 27645 24411 24594 21543 24318 24966 27142 26065 24548 23903 24667 
24854 25858 24091 24247 25224 26295 26181 25033 21219 26973 22552 24672 27235 23997 27283 25269 23664 22775 26145 23342 22761 22492 24752 23845 26720 25305 27617 22905 28152 24408 26965 25487 23380 26791 23608 24993 27676 23493 25506 24883 24013 23072 23359 24386 25767 23236 28873 24850 23455 27293 22435 25478 27169 25643 27652 25584 21530 27720 27525 26178 24643 22549 26192 27051 25401 22717 21902 24258 24121 24237 22734 22331 25016 26583 27652 25069 23805 25665 24228 24412 22874 24633 23277 27916 27947 25240 27211 28751 26502 29361 25114 23232 24249 26252 24870 27425 25633 24625 23681 27253 
23914 25588 24488 25798 24503 26122 25856 25410 23629 28481 24132 25285 27518 25097 27067 25988 24122 24237 26239 27048 25221 24659 24214 24095 27172 27618 27636 22559 27076 24304 27887 26322 24333 30473 24468 26416 27477 23240 25309 25430 25010 22573 25915 25651 25091 25735 28417 23886 24502 27079 24752 26609 26417 24137 28789 23548 21757 29002 26829 25751 24904 23574 24479 26091 25288 23493 22328 26188 24869 25111 23499 24002 25737 25595 27357 23539 26232 26537 26105 26663 24792 25426 23493 27401 26073 23441 26023 28216 25704 28341 23235 25148 24731 26741 25095 26237 26228 26828 26106 25428 
24676 25832 24351 26068 24889 27750 28265 27416 24216 26085 25282 23132 26993 25435 26744 25845 24900 23078 27573 26061 22875 24975 25153 24717 27101 26000 26784 24021 28500 23952 26853 26078 25763 28685 24050 26373 27954 25514 26148 26577 25890 22871 23642 26264 26288 25220 29186 25180 22645 27655 22863 25959 27524 25690 30091 24848 23860 27906 27749 26789 23781 22887 24270 26699 26583 22470 21799 25810 23748 23308 23788 23989 25811 27029 28273 24611 25289 25341 26855 25222 23113 26325 23019 26263 27212 25744 27448 29524 26345 27985 24766 26182 24363 25960 24686 26149 26741 24670 25427 26583 
23068 23408 22265 24242 22778 26123 24337 24457 22704 26217 21815 22536 23590 23277 26771 24856 22393 21090 24658 23913 23600 22344 23049 23462 25570 25128 25360 23964 27662 24293 24634 22359 23964 24777 22318 23580 25995 20985 24031 23034 23427 21941 21681 23407 24819 23991 26042 22552 20428 25691 22335 25264 24727 22934 29440 23697 23652 26008 24684 24696 23051 23121 24443 26051 23700 21309 21962 24826 23826 22751 21353 20088 24624 25045 25338 21615 23072 23732 25197 25755 21491 23237 21450 25358 24744 22630 23806 27963 22743 26983 23858 23556 22482 23655 24205 23304 24737 23930 23885 25368 
27655 26975 25958 26136 26029 26910 26777 25365 25082 30032 25352 26034 26643 26017 30179 26858 26697 24345 26600 27551 23452 25328 26083 25991 27826 29390 28718 25020 29350 26415 27297 25893 25676 29131 26057 27553 30418 24166 26966 27192 27110 22728 24607 25523 26229 27213 30417 25929 23884 28457 24029 29149 25203 26620 30400 27218 23617 28592 27349 26069 25346 25244 27102 26685 28186 26110 23767 26342 25147 25853 25720 25141 26235 26747 28604 24979 26818 27392 28082 27739 24828 25897 22196 28499 28400 25040 27374 30309 26128 30597 25554 24558 25199 26846 25909 27759 26074 27420 27018 26276 
27408 28229 25430 27412 25711 26949 27577 25764 23503 27690 26067 25911 25656 24881 28581 27701 25052 23463 27087 25897 24596 25323 25934 24611 29073 27995 28917 23549 28761 26066 26379 27202 26343 29135 24627 25616 29314 23674 26513 26121 25956 24153 23632 28301 26642 26761 28930 24970 24213 27079 23980 27456 25355 25255 30899 26612 22130 26913 28385 27422 24409 22909 24258 27386 27029 24748 23599 24154 25094 25075 25755 24235 26599 27233 27545 24723 25880 25623 27779 26243 23355 24559 23947 28642 27938 24080 26293 31083 25029 28600 25687 25180 23809 24612 26899 26760 27618 27055 26441 25859 
26983 28619 25644 28104 26433 28598 28231 27050 27081 31025 25670 25586 27578 26870 30739 27474 26411 25429 29310 28611 24868 24882 26713 26022 28196 29866 29460 25240 31129 26707 30009 25381 26018 31660 26895 29151 30774 24812 28428 26984 27320 25854 25491 28428 26667 26494 29760 27838 24545 28812 25452 28662 27453 28633 30923 27326 24117 30527 29257 24549 26164 27058 25653 27184 27318 25636 25351 25566 27605 25813 25918 25608 30239 27199 27402 25834 28194 27723 26693 26414 23375 25646 23211 30580 29011 25834 27864 29290 28090 29428 26784 25792 25679 26519 25354 27488 26887 29850 28466 27569 
26098 26470 23889 26108 26144 28212 26391 24495 21031 29647 24184 23446 25722 24815 30627 27428 25851 24313 26539 25404 23960 24079 26075 24130 26124 27738 29519 24578 30040 24881 28406 26623 24715 28046 24200 27616 27046 23989 27253 25035 26178 23491 23191 27894 27212 25679 28180 28354 24853 26714 22493 28459 26389 26529 30075 25939 23807 28858 27523 26242 24272 22658 24885 27433 26459 24767 22685 23289 27469 24840 25253 24393 28286 27263 28076 25163 25961 25723 26231 26098 23338 26087 24215 28270 27536 24029 26074 29974 24739 30290 25187 23932 24389 25483 26858 28054 28026 27259 25539 26071 
21343 23151 21448 23014 21830 23680 25155 23983 20623 24338 20403 22379 22481 21319 26508 23729 22431 21320 23136 22748 23259 22259 23020 20735 25024 24839 24549 21694 25550 22251 22251 22708 22217 24239 22115 22919 25569 21125 23034 21859 25326 21280 21300 23971 23058 21518 25751 20195 21147 24126 21745 24321 23043 22033 26396 22931 19682 23281 23175 24874 22442 20758 22013 23927 23400 20854 21725 22580 23751 21888 21251 19861 21935 24765 22291 21772 22014 25227 24443 22369 19439 21686 20212 25428 25085 21068 21161 25297 22610 25857 23236 23406 22304 23150 22527 22794 24519 20774 23276 23093 
25245 27302 27004 25604 24431 27430 28500 25665 24620 28387 25009 24054 26864 24331 30565 25614 25629 22565 28332 25750 23862 24923 25428 25873 28462 27031 28636 24115 28722 24665 29196 25605 25806 30456 24240 27963 29363 22836 26004 27002 26096 23646 22422 28113 26659 24352 27318 24756 24766 27935 22880 27242 27251 24881 28643 26368 23482 26871 26226 26800 24751 24315 26255 28201 26971 25114 23986 25135 26065 25324 23629 24699 26338 26299 27637 25016 26679 27308 26525 24499 23959 23825 23183 26890 27882 24849 27339 29540 27386 29695 26665 25829 25953 26861 26963 27587 26522 27231 27128 25763 
25771 23300 22718 23621 23761 26491 25177 21802 22437 26703 20970 22778 24275 23703 26943 25677 24578 23949 26048 22709 24996 23850 23382 23793 24261 26232 27765 23077 26850 22656 27990 25054 23252 27294 24880 24833 26685 21382 24640 22465 25166 23251 24143 24983 23983 23778 28779 23863 22627 27727 22323 24479 25277 25469 27705 23596 21236 26168 24850 23237 23265 22127 25270 26707 23486 22468 22991 24219 24434 22469 24726 23153 26406 26094 27650 23880 23414 25156 27557 24571 21087 24449 21452 26804 26058 24954 26680 26698 26139 27867 23677 21893 22117 24676 22785 24004 24019 26383 24335 25193 
23859 25710 25713 27799 24630 28894 27247 25952 23475 28449 25301 24660 26757 22990 28767 28641 25118 24068 27569 26016 24377 25240 27833 24190 27315 26232 28176 24491 28729 25843 28785 27509 25945 28927 23929 27080 29155 23282 25488 24802 24865 26678 23808 26086 27124 23639 26718 24977 23064 29206 25667 27756 25807 24906 31114 26552 24646 29001 29002 25628 24323 24952 27667 25173 27172 23799 24625 25761 23867 24183 23330 23174 27801 26987 28307 24508 26342 25950 25614 25574 23456 26229 24274 28337 27668 23349 28214 29080 25820 29591 28579 25362 25333 26745 26613 26119 26455 25485 24329 25674 
25038 25375 23556 24802 25288 26106 25947 24416 21532 26579 24325 23258 25241 25008 27404 26695 25030 23124 25077 25455 24719 23825 25040 25217 27444 27887 28021 25219 27442 24283 27426 26203 24284 27688 24470 26181 27850 22349 25881 24585 27315 23971 23677 25329 24360 23976 29003 22642 22440 27578 24115 28516 25131 25506 28495 25303 23022 25471 26068 24972 23876 23146 27608 26979 25453 24466 23467 26330 23689 24627 24952 22986 25712 28612 26597 24605 23452 25869 26665 23629 21470 24700 21752 27950 27891 25373 25368 28352 25235 29289 26344 25631 24891 24454 24701 26378 25470 26012 25652 25617 
25815 28317 26514 27638 26309 26404 26724 26867 24944 28226 25770 25167 26761 26127 30651 27712 25314 22584 28294 28552 24249 24744 25953 25718 28960 26660 28537 25285 29452 27401 28114 28219 26162 30516 26736 25716 31562 24713 26915 26103 28519 25342 24880 26509 27776 25790 28341 27106 25428 28250 23231 28560 25313 25218 29359 28079 24130 28201 27582 25885 24502 25342 25927 28429 26464 26332 25171 25372 26071 25457 24220 23466 26057 27137 27999 24937 26641 27837 26559 26543 23197 25779 25658 29111 28765 24125 27693 30259 26754 31337 26829 24574 25473 27959 27503 29067 27507 25336 26036 26484 
24116 25297 22305 26344 22577 25460 26128 25434 22650 26293 22369 24071 22992 23951 27059 25778 24120 23320 26275 26098 24658 24271 24458 22800 27393 24910 27413 22904 28191 23123 25492 25199 25381 27285 23857 26223 26950 22765 24395 23950 25867 23915 22660 25581 25942 23489 27224 24225 23745 25028 22551 25546 25084 25442 29274 24789 21138 25606 26457 25228 23509 21981 24095 25979 23535 22644 22016 25531 24894 23614 24051 21607 24683 26665 27174 22793 24272 24453 26361 25656 22259 23369 22949 27532 26668 23410 25685 28797 23472 28866 24097 24096 23627 24638 25319 25420 24597 25360 23493 26174 
22953 25192 23504 25155 22781 25657 24064 22752 20170 25766 22082 22268 24120 22531 27794 25641 23369 22025 26252 23321 22651 22185 24751 24664 25972 25404 26691 21153 26736 22563 26353 24262 22969 25351 22644 26260 27284 21797 24295 23933 23347 22080 22117 25826 25458 22477 25042 23051 22584 24264 20400 24690 23955 23361 28179 23800 23139 25474 25641 24531 22239 23119 24182 24584 24942 24011 22445 22278 23636 22110 22366 21702 24863 24383 25860 22091 25063 25084 22158 24030 22192 22806 21510 24556 24540 21608 25152 27484 23095 26992 24360 22785 21955 23549 24622 24362 25791 24522 24332 23478 
22903 22009 20672 21208 19336 21504 21894 21466 20099 23765 20363 20754 22180 19620 26090 22953 20509 19661 22372 21968 19811 20119 21955 20365 24404 23354 24122 18921 23165 22237 20620 21490 21025 24251 20444 23230 24763 19369 20893 20888 21724 19883 20652 22017 22965 19868 24045 21333 19156 23974 20358 23587 21543 22488 25544 20408 19435 23313 23301 22268 21550 20107 20757 23248 19592 20075 19568 23119 21644 21193 20261 19916 23114 20875 22090 22712 21850 22255 21845 20542 19496 19856 19430 22949 24870 21138 24162 24299 23854 23863 21265 20866 19826 22282 21477 21698 22504 22919 22827 21874 
26114 28301 25558 27603 24616 27437 29483 26713 25780 29279 23489 26990 27716 25365 29669 27200 26322 24726 28636 28274 26107 25110 27486 25061 29763 29199 29809 24454 30909 26315 28851 27526 26276 29183 26186 28908 29724 23595 26633 27407 26751 25141 23987 28016 25208 25362 29243 26184 24712 28007 24674 28069 27323 27317 31430 26278 24423 29593 28728 27359 26465 26978 25861 27385 27133 24713 23590 26811 27125 25595 25595 23975 26460 27098 26590 26657 27024 27726 27432 26520 25033 26698 23389 29182 29976 27551 27686 30343 28128 31007 25962 26936 24248 26833 26288 26681 27982 28030 27295 25779 
26227 28797 26226 25679 26111 27952 28486 24797 25311 29297 25731 24683 26568 25875 32483 28353 27152 27118 26841 27736 25792 26513 27368 24375 27316 28822 29673 25940 29189 27670 29753 26111 25597 29017 27004 28702 31101 24665 27133 24966 27012 24716 26054 27795 27062 25744 30486 27842 24478 29432 24619 29791 26751 27569 31731 27525 25072 29787 25882 27300 23896 26593 28152 29772 28214 25078 23186 26096 26458 26237 25128 24243 28925 28030 29629 27689 27538 26589 28565 26070 24881 26875 23314 30334 29638 26275 29042 30846 29058 31803 27113 25401 26466 28337 27986 26631 26538 27925 26935 27557 
23448 24811 23821 25742 22851 25868 24118 24565 22974 27161 22870 23962 23531 22534 27454 25283 24150 22277 25408 25186 23171 22707 25222 23159 27379 24819 27296 22703 27347 24380 25213 23946 23865 26253 22391 23125 28030 22061 24085 23307 22400 22716 20841 23623 25590 25017 27795 23458 24002 24138 21900 26424 24499 24849 27521 24362 22842 26017 26310 26810 24621 22958 22756 24371 25460 21406 21774 24938 24085 21294 23434 21178 27042 24571 26764 24560 24136 23334 25553 25270 22867 22962 23499 26107 27979 23683 26751 29172 25098 28718 24447 22565 22677 25221 24129 24925 25124 24466 24239 24887 
24139 25159 23954 24546 23511 26927 26715 24937 23032 25052 23774 22776 25630 23797 28363 25301 22559 22423 25592 24163 24071 23598 24352 24590 25647 25450 28160 23260 26902 23920 25716 26702 23882 27620 23022 25552 26966 22623 24481 24270 23600 24063 23424 24482 25338 22947 25285 24397 22267 28309 23552 25783 24043 24862 28307 24855 23404 25128 26978 23950 21829 22490 26050 25000 23782 24186 22578 24451 23792 23260 22191 22480 25487 24337 28270 23156 25109 24489 25849 24236 22417 24448 22008 25469 26305 23476 25667 28639 25011 28193 25409 23927 23958 24293 24981 25959 24743 25815 23416 24334 
25894 24724 23965 26116 22527 26937 27052 22936 21596 27436 23241 24466 24643 23734 26387 27750 24196 22824 27699 25522 23580 23635 24712 23332 28292 27153 27684 23382 29231 25751 26418 27467 24964 27407 25844 24527 27399 21060 25753 23988 26154 23000 22937 25638 26134 23735 27784 24483 21368 26368 21198 27529 24020 24811 29003 24831 24286 26769 26022 23928 23720 23723 26118 27116 26328 23522 24401 24371 23188 23361 24027 23865 24667 26442 26070 26738 25159 26021 26403 24483 22637 24708 22726 26940 27155 23858 25406 26783 23805 27889 25957 24005 23234 24434 25529 25725 27422 25902 23791 24889 
26113 24642 25038 26026 24287 27522 26404 23946 22363 26816 22481 23327 26238 25249 29716 27381 24058 22439 25038 25363 23478 25046 25900 24058 28126 27432 27676 24968 27724 25053 27153 26892 23275 28690 25279 24896 29305 24494 25531 24412 26491 23383 23736 25671 26726 22367 28930 24466 22350 27215 22573 29039 24413 26485 30007 26276 22551 26514 26945 25313 24459 23508 25500 26559 24704 24624 23323 24986 24010 23853 24233 23826 26296 25900 26106 25620 24263 24955 25598 25073 22043 24789 24190 27021 28475 23816 27774 28567 26775 28692 25337 24378 23813 25041 25087 26382 26617 24642 24371 26765 
26787 27047 26649 28685 25692 28150 27946 25581 24219 29553 25789 25605 26469 26617 31787 29266 26050 24412 29302 26811 24522 25807 26309 26311 28423 28400 28873 24822 28324 25442 29055 25309 24831 30081 26327 27967 30281 23304 27034 25869 29230 25705 24356 27471 26722 25387 29749 26881 25326 29031 24559 29670 26917 26768 30764 26583 26299 27347 27120 25511 25406 26896 26200 26461 27422 23853 23610 27381 26267 25777 25838 24658 29598 26305 28986 24971 25022 27463 27250 25258 23450 25300 24011 30005 28677 26065 30716 29838 27436 31983 26300 25154 25209 27772 26274 27569 28291 28096 26524 27315 
23391 21760 22430 23287 23187 24433 23940 22074 21429 25186 22404 22040 22170 22640 24872 24760 21551 20680 24759 23016 21987 23024 22167 22574 25922 24424 24866 21107 25091 22140 22733 22943 23012 24750 22025 22924 25488 22075 22550 23558 22357 21171 20852 23419 24905 22206 26137 23293 21610 24655 20693 25821 24066 23463 27617 22114 21262 24331 24613 25983 21785 20697 20574 22958 22496 19893 19446 24501 22996 22664 21324 21457 24390 23213 24879 23359 22186 21350 23411 22654 22561 23195 22339 25359 25135 24254 25792 27814 23781 27200 21111 22711 22345 23706 23709 23602 24679 23935 23651 24087 
25401 26398 25990 26231 26753 28829 26936 27025 22730 30120 25944 25141 26241 25074 28449 27282 26095 24087 27857 27255 25519 23321 24026 26383 27924 27316 27752 25518 29300 25608 27809 25618 25570 28569 25270 27147 28897 23593 27774 25831 26122 23781 24727 26178 27763 27904 30186 25686 23733 28195 24521 27410 27063 26535 29251 24890 25297 28053 28508 26172 24314 24467 24988 26738 28721 23622 23387 24340 24615 24432 25154 23714 27351 27476 27226 25605 27763 26554 25779 25557 23957 25954 25310 26322 26460 23954 26920 30368 25245 29728 25589 25255 25422 26075 27273 28189 27855 25983 27560 25984 
26374 26890 23301 25905 23626 27528 27692 25906 24504 27742 25075 25270 27405 25020 28683 26842 24859 24213 27297 25530 25240 25443 26260 25394 28033 27886 29027 24440 29667 25492 26487 28154 26247 29501 25609 28150 27959 23118 26768 24705 25155 24247 23438 25928 27010 23580 28477 26328 22854 28607 23359 27313 27196 25883 29785 26139 23823 27423 26718 26370 25324 25202 27459 27889 25646 25242 24504 25910 24503 23725 23045 24228 26174 27026 28769 24604 24992 27021 27760 26893 24921 26353 24220 28560 28357 25825 25617 28966 25879 29226 26181 25205 24700 24868 25677 26082 27413 26692 25407 27104 
24149 25067 21408 22974 22948 24466 24659 23219 20263 26033 21284 23420 25093 23925 27248 24597 23751 21427 24919 24586 22006 22485 21397 23146 25861 24751 25165 22649 26129 23556 25803 23297 23100 27628 22731 24295 25611 20835 23477 22450 23954 21716 23244 23929 23967 24369 25002 23722 21122 25171 20998 25247 23068 23003 26752 23161 20775 25231 24977 22702 23412 22161 23867 25166 22783 23263 22379 22236 22943 23463 20962 20615 24520 23419 23409 22409 22900 24272 24376 23527 20150 22653 21154 26085 24789 22029 23435 26692 22978 25643 23387 22603 22529 23433 24048 25055 25700 23097 24058 24520 
22725 24657 23318 25053 22323 26256 24570 22913 22867 27971 22853 22803 23861 24145 26885 24970 24522 22163 27357 23937 24606 23833 24947 24044 25766 25643 26745 23704 27048 22929 24754 23655 24804 26537 23237 24799 27293 21857 26425 23170 25404 23318 21374 24514 25421 23180 26654 24172 23940 24305 21289 26934 25113 24825 29879 23903 22579 26753 26414 25586 23834 21890 22903 24442 26274 23284 20847 25747 25542 23109 24887 23080 25525 25618 25975 22983 25124 24788 25134 25056 21540 23164 22182 27409 26534 24333 24999 27346 24157 27046 24006 23297 22595 24681 24912 25268 25043 24802 24492 24518 
29579 29426 27100 29852 28410 31279 29220 27571 27170 31206 26327 27386 28766 26925 31600 30975 28385 27554 32436 30138 27603 26932 27840 26200 29152 29970 30718 28669 32170 28201 30637 29848 28400 31965 27803 30265 30968 27762 28353 26889 28905 26155 26345 28333 28709 28611 31811 29165 25934 30237 26242 30256 29694 28479 34472 27027 26935 32415 29781 27047 26211 28379 28511 31185 28080 26039 26165 27792 29050 27852 26798 26531 29836 28568 30775 29261 29552 28059 31304 27650 24422 28467 26950 31670 31501 26570 30693 32664 28301 33224 28141 27267 26720 27841 28534 29024 30193 29311 27631 28825 
22790 21742 21587 24296 22903 24391 25384 22955 20542 26819 21405 21728 23305 22377 26075 24635 22039 22310 23660 24942 22764 22381 23451 21518 26441 24867 25538 22752 25775 23583 23041 23948 22294 24797 22706 24380 24807 21387 23505 22620 23011 22675 22170 23364 25105 23225 25714 23499 22091 25395 22825 24788 23503 24291 27945 20872 23128 25305 24275 23635 23857 22236 22094 23531 23476 21030 22337 24831 24533 23273 22507 21156 26651 24245 24556 23227 22022 23599 24605 23216 22869 24845 22999 26093 27351 24130 24994 26347 23934 27847 23458 22186 23469 23669 22885 23542 25150 23105 23550 26339 
23243 21006 20658 22100 21472 22964 21203 20164 19214 24805 21115 21285 21163 21541 23734 22701 21766 20131 22514 20678 21769 20796 22025 21036 23202 22378 24482 19805 23620 21688 24575 22206 20142 23549 20773 22755 23538 20665 21406 19569 21957 20368 18359 23353 23243 20533 25362 19795 19903 23303 19847 22461 21361 19839 24560 21919 20089 24168 22705 22088 20950 19585 22293 24277 22448 20060 18767 21556 19745 20350 21588 21270 21835 21916 23911 21243 21498 21446 22404 23162 21141 22104 20852 22745 22921 20914 23807 24403 21860 24518 21128 19998 19241 21918 22330 21792 22691 24544 19866 22459 
24269 25732 23590 25754 24078 27013 25387 21593 23238 26917 23628 22359 25375 24001 28189 26309 21767 21882 26681 23760 23280 24239 23215 22650 27178 25529 25358 23130 26936 23793 25455 24362 23461 27415 24224 26638 26311 23013 24230 24572 23992 23360 22436 25025 25414 22080 26355 22782 21053 25768 23445 26673 24441 25462 27686 23807 23528 26516 26174 23357 24550 23650 25256 25631 24350 23096 22954 24131 23906 21795 23340 21134 25447 24300 25981 24421 23110 24955 26304 24096 20277 22232 23573 28029 27583 22414 24658 26025 24123 28310 22960 23980 21897 23022 23382 24611 25410 23941 23915 24125 
23606 25210 24700 24390 24116 26073 25295 23359 22269 28188 22271 23135 26453 24339 28498 25726 24046 22529 27433 24663 23583 23754 23763 24150 26392 25712 25937 23275 26790 23953 27058 23776 23912 26921 24819 25849 26804 21703 23752 23861 22615 22127 23799 24205 25371 23666 26307 25355 23007 27112 22634 25855 25882 24774 28008 23796 22589 27424 26805 23693 22898 24517 25889 25423 26669 23703 22102 24222 25640 23546 23073 21463 25079 22798 26752 25681 25664 26546 24705 24475 23107 24712 22546 26516 26913 24098 25795 28430 24392 29314 23878 22033 23538 24798 24890 27186 26121 25011 24750 23720 
27325 27254 28292 28115 25875 28375 30442 27774 24560 29935 25648 26051 28312 27614 29803 27518 27809 24907 29060 29804 26291 25761 25317 27135 29951 28058 29837 25254 31157 27218 29526 27847 26491 31719 26973 28071 30836 25427 27303 27387 27670 24138 26098 26050 26451 26641 30147 26884 25537 28865 25196 29645 27597 28999 31614 29277 24952 31000 28925 27205 26337 26258 26373 28971 27797 25226 24963 26148 25582 28005 24207 24152 26353 26765 29385 26325 28805 28051 28081 26770 24585 27703 25385 28843 30101 27559 28997 32015 27270 32198 27781 25784 26011 29023 26502 27952 28850 26623 26619 27726 
22923 21187 22609 22396 23796 24985 25694 22037 20119 25419 22220 21213 22208 21659 26393 25802 22786 20747 25091 23833 23345 21249 22652 21704 24538 24994 25945 21443 24866 22519 26105 23010 21309 25842 22386 24179 24929 20067 23230 21778 23657 22689 21278 24049 23055 22305 26024 23620 20548 24736 21765 24999 25015 22687 26771 22294 22447 25176 24313 23567 22275 21579 22971 24288 24843 22894 21764 22605 22445 22583 22409 22767 24943 23185 25429 22475 23398 22078 21998 23645 22299 22950 23219 23480 26997 22706 25423 26457 25607 25863 23939 20811 21593 23550 24166 23692 24528 23878 21449 24868 
23373 26651 23590 23182 25044 25987 26670 24835 23886 26720 24207 23178 24362 23490 28961 26568 25224 22849 24274 25103 24110 24058 25623 21949 26515 25575 26037 24066 27815 24784 27315 25448 23537 28693 22914 25646 28617 21855 25015 24083 24358 23835 23352 25573 24874 24133 26723 25181 22291 26960 22995 26421 25474 24029 28646 24749 22790 25739 25838 26254 22549 22838 24673 25883 25875 23379 22092 24638 23947 23324 24271 22527 24976 24961 26682 24976 24192 24805 25349 25960 22850 24612 23824 26321 28523 24030 25371 30683 28177 27424 25909 23540 25327 24249 24664 23558 24144 24702 24328 24863 
24110 22009 21014 24016 22498 23901 23195 21636 21394 24271 21354 19347 24154 21744 25807 24202 22461 20472 23593 23651 22546 20773 22918 22399 25125 25377 25229 20819 25767 21324 24061 25293 22161 25903 21044 23762 25154 20172 21602 22054 22342 22169 20442 25054 23202 21284 24965 23149 20423 22734 19909 23597 22125 23590 26180 22889 20701 25189 24536 21310 22586 21537 21948 23409 21919 20903 22834 22656 22581 20980 23253 22808 23636 24127 23354 22053 22174 23019 23914 23005 20447 21657 20529 24845 24387 21832 24903 25830 23241 25493 22277 21854 21212 21600 21634 21645 24814 20834 22470 22434 
21730 25187 23887 25149 23941 26334 25202 22799 22877 26715 22178 22978 24093 23026 25411 25895 22379 22219 24684 24958 22663 23559 23017 23594 26701 25736 24809 22964 26477 23020 24939 24421 22916 27664 22812 25706 27004 22230 23692 23176 23885 21679 21342 25597 24429 22846 24697 23758 21205 25117 20541 24797 24767 22911 26479 24128 21226 26567 25992 24968 22923 23672 22927 23011 24573 22103 20485 24918 23656 22393 23271 23007 24937 24224 25131 23613 23633 24855 22946 24999 22885 22774 22572 25735 24981 22541 24187 26647 24426 25747 23549 22921 24165 24607 24152 23264 24168 24904 24126 23848 
23837 24357 24836 25745 23052 26003 26052 24696 22425 26849 24363 24084 24455 23863 27010 24715 23999 22231 26634 25872 24018 23219 24455 21792 25571 27164 27106 23637 26908 25899 25438 24696 24733 27310 23166 25043 27119 22800 23611 24193 25200 24082 23892 22787 25453 22333 28425 23847 21031 26162 23661 26800 25767 25515 29318 24770 22081 25777 24804 26216 23671 23986 24482 25825 25319 22514 20960 25018 22960 23417 21692 21020 25373 25337 26482 23907 24874 24708 24900 25557 22467 24298 23783 28009 26820 23364 24996 29389 24444 27742 24097 23919 24338 24067 24933 24256 25385 23771 24303 26200 
22747 23668 21486 24338 21394 25224 25173 25089 21373 25975 22010 22030 24407 22231 27660 22728 23585 22267 25039 24733 21344 22729 23318 24221 25885 25649 26194 22819 26011 23459 26695 23686 23244 28316 22268 23662 25846 22609 24282 23989 22813 23519 21847 23356 25819 25221 26564 24073 21994 24527 21360 24898 24060 24736 25698 23244 21792 25370 24272 24005 22310 22038 22929 22908 23874 22809 21628 22114 22995 22672 21789 21507 25065 25040 26539 23105 23623 24418 22684 23697 21664 23729 21210 25008 23649 23360 24613 28452 25595 27446 23824 21884 23024 24260 23846 24706 24142 24138 25370 25181 
24045 26079 24175 24663 24623 26016 27286 23395 20482 26147 23293 24203 24784 23486 28703 26477 25228 23628 25533 25643 23911 25381 24665 23557 27938 26188 27407 22582 26184 25072 26674 26332 25507 27640 24533 24457 26956 24037 25023 24836 25157 22543 22552 25808 26600 23778 28767 24614 22238 26659 23171 26841 25066 24379 27908 24509 21651 26862 25456 25365 21380 22408 25517 27276 26019 23991 23505 24362 23227 24474 22555 22788 25089 25935 25915 25539 23891 24982 26663 25637 21556 23992 23712 25974 27201 23150 25163 28587 25115 29568 25914 23923 25493 24838 26205 26343 26765 26093 25288 25319 
24946 24416 24608 26328 25661 26909 25047 24904 22556 27061 23353 23568 23949 25651 27970 26180 25503 22810 27016 26957 24543 22880 23776 24991 28211 25169 27221 24804 28422 24863 26810 26050 23226 28451 24982 26815 28536 22975 23570 25888 26825 24575 24787 25353 25290 25190 28839 24946 23713 26053 23740 27278 24997 27017 28720 25666 23747 27054 27945 25018 25561 24344 26021 25585 25889 23953 22347 26873 24727 23551 25122 23305 27384 25891 28003 25655 26097 26319 26060 25853 22554 25333 23448 27926 27950 25463 27124 28605 26391 28366 24245 23983 24804 25488 24950 25067 27062 25332 24747 27280 
23689 22708 21208 23083 22987 22042 23435 21830 21034 24262 21932 22880 24220 22073 26010 25227 23445 21589 25169 21465 20862 21456 21905 22643 25039 23197 25473 22158 24943 22796 23324 22547 21775 23864 22358 23298 25350 22384 23076 22182 22772 21303 20685 23773 23794 21605 25948 23117 19821 25321 20365 24377 24800 22006 27406 21583 21518 25536 24443 21326 21645 20079 23758 24235 24463 20768 21537 24198 21093 23201 19884 22053 22000 22460 25388 22204 21811 24193 23761 22271 21853 23392 20094 25151 25784 22091 25892 25802 22693 26894 23834 21131 20655 24416 23433 24100 24730 24105 22271 22179 
25942 26183 25943 24984 25436 27520 28600 25994 23214 27348 24565 23915 26735 25809 29925 28455 26063 22003 28637 26706 24702 25283 24389 25525 29882 27279 26104 26345 28298 26116 27487 24121 26364 29164 25237 25753 30018 23357 28048 25900 27228 23202 23178 24964 26461 23999 29806 24510 23134 27366 24710 29901 27426 26481 28757 26549 25723 27653 25324 24803 24636 23752 26226 25893 28916 23172 23829 25867 25449 27185 23329 22699 25182 27037 26540 26917 26709 27780 26869 25534 23103 24471 24388 28660 28481 24958 28130 28478 26685 31825 26601 24203 24805 26892 26737 26943 26668 25342 27007 26895 
24838 25484 24308 24393 24166 27165 25659 24123 21518 28527 22328 24400 25560 23969 27931 25042 24104 24496 25662 24461 23456 24499 24536 23826 26553 26280 25639 23712 26829 24444 26269 25744 22868 26409 24239 26352 27860 23557 26030 25602 25473 22721 23517 25902 24898 24840 27675 24345 22388 27669 24121 27299 24129 24462 28151 25286 24609 27013 26699 24453 24028 22433 26000 26979 25711 23528 23869 23668 24133 24839 22747 22524 26359 24778 26088 25067 24584 27325 26036 23336 21729 24634 21897 26061 26670 22137 26928 28590 23790 28626 25383 23550 24109 23330 24805 27487 27818 24770 24356 23255 
21863 24213 20458 22093 22164 22273 22992 23612 20668 24845 21511 19842 22790 22068 25779 22732 23169 20657 22851 23101 22014 20846 22472 20548 25195 23840 24363 22280 25649 22184 24203 22619 22092 24649 23185 24092 25935 20471 23761 22799 22376 21372 20932 23924 24309 22788 24570 22299 20149 23412 21153 23417 22812 22275 25192 20462 21134 23832 24063 21980 21224 21199 22840 24061 23500 20948 20285 21726 22671 20792 21406 19919 21870 21742 24717 23288 23395 23063 23720 23345 19861 21886 21191 24532 24621 21697 23028 26365 23037 26606 22928 19709 21997 21655 23920 21407 23015 23632 22954 23259 
25884 25743 24196 26145 25133 28032 25806 24283 26188 28111 26103 25145 26729 23687 29192 25727 24214 21967 28991 25097 24474 23426 25735 25534 25739 26035 29767 22825 26987 23852 28871 25200 25452 28045 24480 26337 28158 23184 24536 23932 23978 24966 21743 26601 27216 24079 27753 25240 23280 27475 22770 27847 25888 24274 28915 26563 23425 26131 27113 25511 24444 24633 26217 26734 26236 22293 23463 24673 25812 22885 24670 23213 27415 25714 28315 24178 25538 25089 27166 26230 23928 26163 22972 26917 26963 24059 27829 29064 24058 29333 25001 24060 22607 26280 26111 26750 25934 26284 25351 24957 
24598 25675 25667 25629 24231 26630 27923 24331 21894 29124 23593 23807 26727 25067 29431 28747 25368 22658 25974 26084 24918 25033 25042 23110 28543 26785 28342 24374 28355 26472 28714 26323 25108 29236 25727 24079 28146 23071 25453 25002 27844 24688 23278 25810 27116 25527 29191 26107 22907 29398 24086 28138 25096 26803 29394 25806 24409 27850 25948 26785 25261 24946 25598 28091 26426 23840 23049 25592 25787 23307 25545 22631 28233 25754 27343 25716 27154 24548 27908 27008 22332 26120 23504 28356 27592 24177 27047 29135 25968 29977 24410 23766 24867 24749 24883 25608 25839 25238 24063 27091 
27346 26957 25257 26209 24653 26566 28837 25005 24041 28949 24193 24879 25556 25079 29750 27028 25937 25204 27003 26614 24558 25475 24668 23200 26514 27962 28985 24865 29227 26022 28738 25354 23818 28628 25934 26608 28964 23978 28482 24386 24957 24141 23397 26728 27454 26403 27929 24548 23430 28369 24116 28035 24808 27184 29934 26539 24469 28924 26620 25407 24786 25237 25928 27710 27210 25058 23311 25065 24289 25383 25121 23257 27060 28029 27262 24844 28181 25876 26294 25457 23990 27297 23690 28387 27483 24278 26247 27993 27167 30240 26505 23608 22759 25512 26233 27281 24954 29150 26461 25854 
22091 21542 23397 22828 22078 24837 27282 23567 21527 24182 22833 23028 23358 21880 25606 26252 23946 20944 24958 23136 22234 23577 23401 21562 25372 22898 25846 21852 25606 23464 24139 24084 23887 26363 22589 23357 25884 19739 24097 21692 24646 23417 21787 23300 24689 22720 24735 21962 21622 26504 22206 25293 23677 23911 28981 24092 23042 24864 24422 24637 22013 22426 24509 24525 25473 23123 21798 24581 21828 22742 22958 21151 24825 25052 25878 22245 25468 22677 24952 23267 22881 24961 22927 25566 26530 21840 24990 26187 24508 26992 23980 23952 23399 24440 23438 23785 22698 22850 21491 24557 
24167 25045 22951 26192 24312 26256 25004 23917 25362 26836 23901 24702 25140 24331 28543 25276 25241 22420 25821 25486 22573 22803 25241 24102 27819 26270 28081 23836 28218 24177 26158 25479 23819 26733 22687 25225 29594 23199 24080 25490 23657 22296 24342 23911 25349 23833 27967 22198 22719 25310 23890 26873 25722 25117 28933 23609 23224 25803 26543 23940 24543 21765 25940 24933 26701 22577 22838 24400 23265 23330 22515 21501 23939 24168 27771 23139 24211 24231 26965 24766 23291 25626 22808 26409 26959 22135 27012 27170 24735 29073 24940 24599 24462 26218 24184 24378 25040 25068 24116 24918 
